135
414
701
993
1308
1617
1914
2206
2493
2803
3075
3377
3695
4002
4295
4584
4872
5167
5470
5772
6088
6385
6670
6956
7247
7553
7860
8182
8477
8769
9047
9338
9635
9945
10251
10548
10850
11151
11420
11714
12022
12335
12637
12930
13228
13532
13801
14103
14412
14722
15018
15304
15620
15894
16187
16496
16807
17112
17397
17684
17984
18278
18577
18883
19189
19485
19770
20059
20362
20668
20969
21274
21572
21861
22148
22458
22749
23056
23355
23653
23948
24240
24526
24828
25142
25446
25739
26028
26322
26611
26902
27215
27526
27824
28139
28409
28703
28992
29278
29583
29882
30163
30441
30718
31001
31290
31587
31884
32182
32467
32736
33012
33299
33597
33885
34042
34377
34671
34953
35241
35540
35851
36156
36455
36758
37045
37353
37637
37932
38243
38543
38826
39118
39402
39684
39979
40282
40591
40881
41158
41451
41734
42015
42318
42618
42918
43204
43483
43769
44057
44353
44652
44947
45245
45523
45801
46090
46382
46681
46979
47270
47563
47843
48118
48407
48710
49005
49295
49581
49860
50145
50420
50703
51015
51315
51599
51884
52162
52443
52726
53013
53320
53617
53895
54176
54453
54734
55021
55317
55619
55913
56194
56471
56744
57036
57331
57623
57924
58217
58492
58767
59046
59338
59640
59935
60225
60517
60793
61064
61350
61649
61949
62244
62532
62829
63119
63403
63720
64013
64326
64626
64913
65210
65501
65786
66089
66400
66707
66995
67284
67583
67878
68177
68483
68792
69088
69371
69678
69976
70275
70561
70867
71168
71461
71748
72040
72346
72668
72953
73254
73550
73837
74123
74423
74734
75036
75357
75631
75925
76213
76504
76814
77124
77424
77718
78020
78318
78589
78888
79203
79512
79807
80097
80404
80702
80980
81282
81596
81900
82182
82489
82759
83065
83371
83673
83987
84282
84582
84852
85145
85455
85760
86060
86363
86654
86955
87230
87535
87850
88154
88446
88744
89048
89317
89617
89924
90238
90534
90819
91117
91409
91701
92007
92314
92625
92913
93194
93494
93786
94084
94391
94696
94997
95285
95571
95874
96175
96475
96780
97081
97373
97658
97944
98253
98563
98858
99159
99472
99765
100034
100333
100646
100950
101246
101538
101828
102118
102408
102716
103029
103332
103626
103916
104208
104501
104800
105108
105438
105730
106017
106285
106581
106908
107186
107500
107807
108093
108377
108667
108968
109272
109575
109885
110181
110463
110753
111046
111358
111666
111966
112269
112560
112842
113133
113432
113747
114074
114344
114642
114934
115237
115535
115840
116163
116441
116725
117022
117313
117604
117910
118217
118525
118828
119117
119416
119715
119995
120302
120608
120908
121192
121493
121777
122079
122384
122689
122988
123296
123586
123859
124167
124473
124772
125072
125362
125654
125957
126232
126550
126858
127155
127448
127738
128046
128340
128624
128940
129244
129533
129820
130111
130404
130724
131013
131329
131629
131912
132197
132490
132809
133092
133402
133711
133999
134281
134571
134872
135180
135502
135791
136089
136370
136656
136950
137257
137567
137885
138166
138460
138746
139037
139340
139656
139963
140255
140550
140856
141143
141421
141728
142040
142340
142629
142924
143214
143509
143836
144121
144433
144723
145005
145302
145597
145894
146204
146510
146830
147101
147384
147687
147990
148292
148598
148895
149190
149491
149760
150070
150379
150680
150983
151278
151569
151854
152164
152462
152770
153068
153358
153645
153939
154250
154531
154853
155158
155448
155735
156024
156324
156619
156924
157257
157551
157818
158104
158398
158699
159005
159334
159621
159909
160192
160480
160783
161089
161391
161697
162012
162281
162567
162861
163173
163482
163782
164081
164375
164673
164945
165245
165560
165865
166157
166456
166748
167052
167333
167641
167952
168251
168536
168831
169122
169412
169718
170045
170336
170628
170911
171210
171506
171805
172113
172416
172721
173006
173305
173590
173891
174192
174499
174799
175094
175397
175665
175975
176281
176582
176884
177176
177466
177751
178065
178380
178672
178970
179266
179555
179847
180137
180437
180756
181062
181349
181636
181926
182235
182518
182831
183147
183445
183728
184015
184308
184608
184909
185218
185543
185816
186100
186389
186691
187000
187303
187610
187908
188205
188474
188766
189075
189385
189686
189988
190282
190567
190856
191158
191472
191776
192068
192381
192673
192938
193236
193542
193857
194157
194444
194741
195048
195343
195629
195936
196249
196539
196818
197115
197411
197726
198017
198322
198627
198914
199196
199516
199800
200101
200405
200704
200998
201282
201586
201895
202185
202486
202787
203084
203377
203661
203955
204287
204575
204873
205164
205456
205749
206040
206345
206661
206980
207258
207546
207742
208047
208344
208667
208965
209265
209552
209839
210132
210432
210734
211042
211372
211650
211930
212217
212515
212817
213121
213429
213733
214023
214307
214594
214902
215212
215513
215817
216112
216396
216680
216976
217289
217597
217896
218195
218490
218772
219066
219392
219683
219988
220279
220570
220860
221149
221451
221759
222094
222371
222655
222952
223245
223539
223846
224171
224455
224744
225024
225325
225622
225926
226253
226539
226837
227120
227403
227708
228013
228314
228617
228914
229206
229493
229780
230095
230406
230702
231015
231291
231584
231869
232167
232485
232790
233096
233369
233662
233956
234251
234560
234875
235174
235463
235762
236037
236335
236638
236945
237256
237549
237835
238123
238421
238728
239032
239340
239643
239942
240209
240499
240803
241112
241417
241721
242015
242299
242590
242888
243223
243506
243805
244103
244391
244676
244972
245298
245591
245897
246186
246483
246775
247061
247364
247688
248003
248277
248560
248861
249150
249445
249757
250062
250369
250671
250937
251238
251535
251838
252144
252447
252742
253028
253311
253618
253923
254246
254531
254828
255124
255406
255695
256009
256315
256609
256920
257216
257490
257781
258078
258398
258702
258995
259284
259576
259867
260160
260468
260780
261081
261372
261657
261971
262253
262552
262862
263172
263466
263748
264034
264335
264633
264936
265249
265550
265836
266126
266415
266720
267046
267327
267636
267926
268209
268498
268793
269107
269434
269714
270015
270307
270590
270886
271190
271504
271807
272113
272392
272682
272967
273269
273580
273891
274189
274473
274771
275075
275355
275662
275967
276274
276560
276843
277143
277442
277762
278050
278358
278655
278940
279225
279531
279836
280133
280437
280737
281026
281321
281626
281918
282228
282524
282823
283115
283404
283690
283992
284322
284622
284906
285195
285490
285781
286076
286388
286699
286997
287288
287590
287866
288163
288461
288774
289083
289375
289663
289952
290270
290553
290852
291167
291466
291749
292038
292327
292632
292936
293256
293569
293844
294128
294419
294715
295026
295332
295627
295932
296219
296500
296807
297100
297413
297716
298010
298310
298597
298881
299181
299491
299816
300095
300382
300678
300967
301260
301568
301881
302202
302486
302762
303057
303354
303653
303959
304268
304565
304847
305140
305458
305739
306048
306351
306653
306940
307225
307520
307825
308127
308434
308731
309027
309316
309618
309909
310221
310523
310824
311114
311406
311694
311984
312300
312632
312908
313203
313493
313789
314079
314379
314698
315001
315292
315581
315868
316163
316463
316764
317083
317395
317683
317963
318244
318550
318855
319159
319469
319760
320040
320326
320646
320937
321244
321548
321849
322137
322416
322710
323019
323326
323645
323924
324219
324501
324790
325113
325410
325716
326011
326306
326595
326882
327180
327486
327798
328098
328383
328695
328972
329265
329574
329881
330190
330481
330763
331060
331355
331672
331960
332264
332567
332853
333137
333441
333744
334047
334352
334649
334942
335242
335513
335840
336130
336432
336734
337025
337322
337610
337904
338221
338525
338835
339110
339401
339693
339984
340287
340603
340907
341198
341503
341780
342074
342374
342683
342995
343291
343575
343861
344159
344458
344762
345073
345396
345670
345957
346242
346546
346851
347153
347462
347759
348055
348328
348622
348935
349243
349541
349847
350151
350418
350710
351013
351326
351628
351922
352218
352509
352796
353113
353405
353721
354020
354303
354600
354889
355180
355485
355790
356103
356389
356675
356974
357268
357565
357876
358178
358482
358766
359049
359351
359651
359951
360274
360578
360855
361140
361431
361739
362046
362344
362642
362955
363228
363512
363811
364123
364430
364728
365039
365316
365604
365894
366204
366512
366813
367109
367395
367687
367980
368277
368591
368902
369196
369486
369773
370089
370369
370671
370985
371290
371571
371862
372149
372451
372757
373079
373376
373670
373951
374240
374533
374844
375147
375446
375768
376042
376326
376618
376921
377238
377541
377833
378134
378422
378716
379003
379310
379624
379918
380207
380507
380798
381087
381411
381705
382011
382301
382588
382884
383175
383473
383777
384088
384389
384676
384964
385265
385562
385866
386168
386493
386765
387047
387341
387644
387948
388252
388553
388852
389142
389423
389748
390034
390337
390640
390935
391227
391512
391802
392112
392423
392743
393024
393314
393607
393896
394191
394509
394817
395109
395396
395682
395991
396276
396579
396899
397202
397487
397772
398061
398378
398664
398968
399283
399574
399856
400141
400439
400748
401072
401361
401666
401952
402235
402522
402828
403139
403440
403742
404053
404322
404610
404909
405221
405529
405828
406123
406412
406697
406991
407296
407608
407931
408202
408512
408788
409080
409386
409693
410002
410299
410581
410874
411169
411465
411773
412082
412387
412676
412959
413259
413558
413861
414168
414467
414765
415048
415331
415637
415944
416248
416569
416848
417142
417428
417718
418031
418338
418638
418931
419235
419514
419804
420102
420423
420725
421017
421324
421599
421889
422187
422493
422807
423106
423393
423677
423992
424270
424572
424887
425193
425484
425771
426057
426354
426677
426959
427271
427572
427857
428144
428438
428745
429052
429350
429678
429952
430234
430523
430821
431131
431436
431733
432051
432324
432610
432906
433211
433525
433828
434117
434428
434699
434988
435292
435599
435912
436207
436494
436791
437082
437391
437682
437988
438291
438578
438865
439163
439459
439759
440086
440375
440669
440957
441247
441548
441853
442155
442456
442774
443046
443330
443626
443936
444243
444545
444840
445153
445439
445710
446018
446329
446629
446927
447217
447528
447798
448094
448408
448720
449017
449309
449595
449903
450181
450483
450799
451106
451395
451683
451971
452273
452574
452898
453193
453491
453772
454057
454350
454652
454958
455260
455570
455872
456142
456432
456734
457044
457348
457650
457950
458232
458532
458809
459121
459432
459733
460030
460324
460610
460919
461201
461517
461820
462112
462407
462698
462983
463304
463592
463904
464204
464488
464785
465078
465369
465696
465981
466289
466580
466860
467160
467455
467756
468067
468389
468673
468961
469243
469545
469850
470148
470450
470764
471040
471328
471619
471928
472235
472537
472835
473128
473431
473704
474003
474318
474623
474922
475212
475502
475811
476087
476395
476713
477017
477303
477591
477885
478175
478492
478786
479097
479391
479679
479968
480264
480566
480868
481181
481484
481769
482055
482346
482648
482952
483254
483567
483859
484146
484433
484731
485044
485348
485644
485951
486238
486520
486809
487114
487443
487729
488024
488325
488612
488896
489193
489507
489813
490111
490399
490706
490982
491275
491579
491895
492201
492490
492777
493087
493364
493665
493972
494282
494578
494858
495153
495451
495749
496077
496362
496667
496954
497237
497534
497836
498140
498445
498745
499040
499327
499631
499920
500229
500533
500836
501126
501421
501705
501995
502329
502616
502914
503209
503500
503792
504084
504384
504701
505020
505308
505585
505874
506169
506466
506772
507086
507387
507688
507957
508147
508466
508766
509068
509402
509679
509961
510246
510542
510848
511152
511457
511781
512058
512340
512628
512931
513240
513541
513862
514140
514424
514712
515007
515318
515629
515931
516226
516531
516802
517098
517400
517713
518018
518307
518601
518891
519195
519481
519792
520105
520402
520683
520983
521271
521565
521872
522178
522485
522773
523056
523357
523655
523957
524262
524568
524865
525160
525450
525736
526041
526340
526643
526944
527236
527520
527815
528123
528434
528732
529029
529325
529610
529896
530198
530507
530830
531113
531404
531697
531990
532282
532594
532905
533202
533511
533781
534078
534371
534668
534985
535294
535583
535873
536162
536458
536772
537059
537376
537674
537957
538245
538536
538840
539145
539451
539764
540053
540336
540624
540923
541234
541537
541838
542139
542436
542709
543002
543312
543624
543925
544224
544521
544803
545108
545391
545705
546009
546305
546598
546890
547177
547476
547784
548118
548397
548685
548980
549268
549563
549867
550172
550484
550775
551056
551355
551670
551952
552260
552565
552864
553150
553432
553734
554034
554334
554653
554957
555235
555521
555812
556120
556426
556727
557026
557322
557610
557896
558194
558504
558813
559112
559405
559699
559990
560276
560587
560898
561196
561491
561779
562073
562363
562658
562976
563286
563580
563871
564045
564357
564651
564954
565265
565571
565862
566149
566434
566736
567040
567343
567658
567959
568241
568529
568819
569123
569430
569730
570039
570329
570633
570904
571204
571519
571821
572121
572422
572709
572992
573288
573591
573905
574205
574496
574794
575087
575371
575675
575988
576296
576588
576880
577173
577461
577774
578063
578374
578677
578962
579256
579552
579844
580150
580456
580763
581055
581338
581633
581931
582231
582540
582845
583147
583448
583734
584020
584325
584628
584931
585229
585521
585806
586090
586401
586722
587009
587312
587606
587896
588182
588478
588794
589099
589396
589684
589975
590280
590559
590866
591185
591486
591775
592063
592357
592648
592947
593259
593568
593879
594148
594439
594735
595033
595337
595654
595955
596239
596528
596831
597117
597423
597725
598038
598331
598614
598903
599201
599528
599816
600116
600423
600710
600989
601281
601587
601896
602200
602496
602793
603092
603366
603666
603979
604289
604584
604877
605171
605457
605747
606053
606367
606674
606962
607254
607550
607842
608144
608451
608761
609055
609338
609631
609925
610220
610531
610834
611139
611428
611709
612009
612311
612613
612919
613220
613516
613798
614084
614391
614698
615004
615306
615599
615894
616177
616469
616784
617093
617386
617693
617972
618262
618554
618858
619174
619478
619770
620057
620366
620641
620935
621248
621559
621855
622145
622433
622732
623027
623326
623644
623952
624240
624524
624810
625113
625414
625714
626031
626328
626612
626901
627193
627499
627805
628107
628415
628702
628982
629272
629572
629884
630192
630493
630791
631077
631364
631657
631966
632278
632577
632871
633167
633450
633739
634044
634358
634664
634958
635251
635541
635829
636132
636438
636750
637048
637330
637625
637918
638216
638524
638832
639140
639430
639711
640009
640308
640606
640914
641219
641518
641800
642085
642394
642699
643001
643306
643602
643893
644177
644466
644778
645086
645387
645683
645975
646267
646558
646857
647171
647478
647772
648060
648354
648644
648934
649247
649557
649856
