266
576
877
1181
1483
1795
2128
2445
2745
3045
3348
3648
3955
4283
4611
4940
5256
5581
5893
6217
6554
6874
7179
7483
7782
8098
8418
8740
9062
9362
9664
9964
10280
10599
10911
11224
11521
11805
12098
12396
12700
13002
13301
13600
13887
14170
14462
14770
15083
15384
15684
15978
16270
16576
16887
17220
17537
17838
18147
18446
18740
19049
19367
19689
19991
20288
20595
20895
21201
21518
21838
22137
22424
22728
23027
23328
23640
23956
24269
24562
24861
25167
25466
25774
26083
26390
26685
26975
27273
27576
27875
28187
28492
28785
29065
29345
29651
29956
30260
30575
30881
31182
31479
31793
32117
32437
32759
33066
33375
33679
33981
34309
34630
34940
35240
35541
35847
36155
36477
36805
37116
37419
37719
38027
38333
38648
38975
39285
39579
39874
40179
40482
40789
41106
41414
41707
41997
42287
42592
42902
43204
43522
43828
44115
44405
44705
45015
45324
45630
45931
46217
46499
46785
47092
47391
47684
47979
48263
48542
48827
49115
49423
49729
50025
50326
50619
50908
51211
51520
51841
52149
52448
52751
53046
53337
53642
53953
54257
54552
54841
55127
55411
55707
56006
56306
56591
56865
57148
57440
57738
58054
58376
58703
59025
59344
59661
59978
60296
60624
60943
61246
61539
61848
62161
62474
62793
63107
63414
63711
64024
64357
64684
65014
65328
65640
65940
66240
66574
66897
67211
67525
67832
68137
68443
68773
69104
69429
69741
70053
70365
70679
71011
71347
71672
71982
72288
72599
72907
73229
73560
73868
74167
74461
74767
75072
75379
75704
76013
76301
76595
76892
77194
77502
77814
78126
78417
78699
78986
79290
79595
79897
80207
80507
80794
81087
81375
81689
81996
82293
82606
82904
83189
83485
83789
84104
84405
84700
84993
85275
85548
85836
86138
86441
86736
87025
87312
87592
87873
88167
88471
88770
89057
89341
89630
89909
90196
90497
90803
91104
91389
91675
91967
92253
92551
92852
93154
93441
93721
94005
94289
94577
94876
95166
95456
95724
95979
96238
96511
96791
97079
97377
97674
97971
98257
98557
98883
99190
99496
99806
100109
100403
100691
101004
101327
101643
101961
102273
102581
102886
103202
103528
103848
104166
104476
104791
105097
105416
105759
106084
106399
106706
107020
107336
107654
107994
108321
108620
108923
109230
109539
109849
110173
110490
110793
111090
111390
111706
112022
112341
112660
112962
113259
113559
113878
114204
114527
114860
115176
115478
115783
116096
116418
116736
117053
117359
117658
117962
118274
118598
118916
119230
119541
119839
120135
120439
120759
121078
121380
121680
121972
122261
122564
122875
123189
123492
123777
124074
124363
124647
124950
125257
125562
125855
126144
126447
126752
127063
127384
127714
128030
128328
128639
128951
129268
129587
129902
130210
130501
130794
131105
131411
131715
132028
132339
132631
132920
133218
133518
133809
134091
134369
134652
134933
135230
135557
135900
136232
136564
136896
137222
137543
137895
138234
138559
138875
139192
139507
139820
140156
140490
140807
141116
141426
141739
142050
142377
142702
143012
143314
143615
143922
144221
144530
144852
145158
145453
145743
146047
146360
146673
146995
147318
147620
147925
148233
148558
148880
149197
149526
149832
150130
150439
150764
151087
151400
151718
152016
152308
152601
152915
153245
153564
153882
154191
154493
154806
155125
155458
155779
156080
156392
156692
156990
157306
157633
157949
158252
158554
158849
159144
159459
159784
160113
160423
160734
161052
161366
161693
162024
162361
162677
162979
163293
163599
163907
164224
164536
164829
165119
165417
165721
166029
166346
166662
166966
167255
167548
167863
168175
168484
168793
169106
169410
169707
170023
170350
170666
170986
171292
171593
171888
172190
172520
172837
173144
173456
173765
174068
174371
174698
175015
175322
175621
175915
176213
176509
176819
177136
177444
177739
178028
178318
178609
178904
179214
179526
179821
180122
180426
180739
181059
181380
181714
182029
182326
182634
182949
183264
183580
183908
184211
184505
184806
185112
185435
185751
186063
186373
186669
186974
187282
187607
187928
188238
188552
188852
189143
189450
189771
190091
190404
190719
191026
191335
191651
191976
192317
192635
192943
193257
193568
193891
194222
194562
194886
195191
195516
195830
196153
196484
196817
197136
197437
197750
198062
198372
198695
199016
199323
199620
199923
200232
200550
200872
201187
201503
201801
202101
202423
202741
203062
203377
203689
203990
204278
204584
204905
205217
205528
205838
206146
206453
206765
207091
207408
207720
208023
208328
208620
208919
209243
209555
209856
210152
210441
210737
211031
211326
211637
211933
212214
212494
212776
213064
213359
213663
213974
214272
214562
214852
215153
215458
215767
216094
216406
216704
217001
217301
217619
217934
218255
218580
218877
219172
219472
219785
220100
220407
220729
221033
221319
221617
221929
222247
222561
222880
223185
223481
223781
224087
224415
224730
225037
225349
225643
225934
226236
226550
226861
227159
227452
227751
228035
228322
228631
228952
229267
229562
229863
230164
230459
230762
231071
231381
231675
231964
232265
232564
232875
233202
233526
233856
234153
234469
234784
235101
235423
235737
236049
236346
236644
236956
237268
237582
237895
238203
238494
238785
239098
239413
239723
240035
240345
240645
240939
241248
241571
241890
242211
242517
242819
243110
243404
243725
244041
244344
244651
244954
245257
245561
245882
246208
246521
246825
247123
247424
247720
248030
248361
248676
248980
249283
249596
249916
250237
250575
250902
251207
251510
251813
252129
252450
252777
253102
253405
253705
254010
254324
254638
254952
255275
255572
255866
256164
256479
256799
257117
257441
257750
258048
258360
258671
258997
259314
259623
259934
260231
260525
260836
261160
261478
261786
262096
262389
262681
262986
263304
263625
263929
264232
264537
264838
265148
265472
265805
266121
266420
266734
267035
267336
267650
267970
268282
268577
268873
269173
269469
269779
270095
270412
270705
270992
271298
271605
271913
272227
272541
272845
273138
273442
273757
274071
274397
274718
275033
275332
275631
275962
276293
276599
276905
277206
277491
277773
278079
278397
278717
279034
279344
279659
279968
280299
280638
280966
281293
281608
281926
282243
282569
282910
283233
283551
283864
284182
284496
284824
285163
285487
285794
286103
286422
286740
287064
287404
287721
288027
288333
288652
288978
289306
289645
289963
290264
290571
290878
291199
291521
291845
292164
292461
292764
293078
293408
293732
294050
294369
294668
294960
295263
295590
295908
296217
296534
296837
297133
297441
297759
298088
298408
298716
299027
299327
299643
299971
300303
300619
300925
301236
301539
301843
302166
302499
302814
303117
303435
303741
304052
304374
304705
305027
305331
305645
305965
306287
306623
306955
307282
307580
307883
308197
308512
308832
309152
309470
309770
310076
310400
310726
311053
311381
311704
312021
312327
312661
312987
313316
313662
313993
314316
314630
314970
315306
315632
315956
316273
316577
316896
317238
317575
317903
318222
318550
318870
319186
319528
319855
320173
320482
320797
321116
321438
321781
322112
322421
322731
323040
323355
323681
324021
324352
324658
324958
325263
325566
325862
326160
326466
326758
327044
327338
327651
327978
328299
328635
328958
329268
329581
329903
330242
330566
330884
331192
331478
331772
332078
332398
332718
333033
333353
333658
333962
334279
334613
334931
335232
335544
335843
336146
336464
336788
337120
337435
337744
338058
338368
338701
339033
339369
339699
340018
340349
340678
341014
341352
341690
342003
342324
342646
342974
343308
343639
343968
344278
344589
344903
345219
345547
345866
346182
346482
346779
347094
347418
347742
348076
348412
348734
349052
349392
349727
350059
350383
350699
351005
351306
351638
351960
352274
352585
352892
353194
353495
353814
354144
354465
354778
355081
355386
355691
356006
356338
356659
356969
357270
357584
357891
358206
358546
358865
359175
359478
359786
360100
360416
360753
361080
361395
361706
362016
362345
362672
363003
363334
363648
363958
364279
364609
364937
365273
365601
365906
366217
366535
366863
367180
367499
367812
368101
368395
368701
369022
369337
369648
369966
370267
370558
370863
371193
371521
371844
372165
372475
372775
373085
373406
373732
374039
374346
374654
374949
375254
375577
375902
376217
376520
376837
377142
377447
377773
378106
378424
378729
379043
379358
379674
380001
380330
380653
380954
381260
381568
381873
382194
382512
382830
383130
383421
383740
384059
384381
384708
385034
385346
385648
385967
386292
386609
386922
387233
387536
387832
388143
388469
388787
389113
389427
389739
390037
390342
390677
390995
391303
391604
391899
392194
392477
392769
393056
393326
393584
393833
394081
394567
394810
395067
395321
395568
395804
396038
396274
396519
396762
397014
397287
397570
397846
398112
398386
398672
398969
399274
399589
399911
400218
400522
400829
401157
401488
401828
402165
402481
402803
403133
403475
403810
404150
404483
404793
405101
405405
405725
406044
406358
406686
406994
407304
407628
407954
408286
408615
408937
409230
409521
409831
410174
410497
410817
411140
411454
411755
412069
412403
412731
413023
413302
413577
413837
414093
414361
414631
414904
415167
415422
415688
415952
416217
416501
416791
417093
417393
417690
417998
418276
418639
418977
419306
419628
419932
420250
420575
420895
421235
421565
421883
422193
422514
422844
423173
423514
423843
424161
424468
424780
425102
425421
425741
426055
426368
426678
426999
427346
427679
428021
428345
428667
428984
429317
429672
430001
430335
430655
430975
431288
431618
431959
432285
432587
432869
433140
433407
433672
433959
434247
434531
434809
435082
435360
435637
435912
436198
436485
436752
437004
437257
437513
437776
438039
438306
438590
438867
439134
439405
439684
439977
440273
440572
440894
441203
441507
441812
442136
442479
442812
443153
443478
443787
444101
444432
444774
445106
445450
445777
446086
446407
446744
447077
447406
447736
448048
448355
448672
449006
449335
449652
449970
450278
450578
450895
451213
451536
451846
452144
452452
452747
453037
453348
453673
453984
454278
454584
454891
455198
455517
455844
456174
456482
456799
457117
457444
457787
458119
458452
458770
459091
459419
459754
460098
460437
460763
461079
461403
461738
462064
462388
462713
463033
463342
463668
464004
464341
464672
464989
465297
465596
465914
466237
466554
466874
467181
467480
467768
468059
468376
468696
468998
469299
469607
469911
470221
470562
470901
471222
471535
471845
472155
472462
472792
473113
473414
473716
474014
474317
474615
474921
475248
475561
475856
476161
476487
476789
477080
477379
477664
477932
478194
478451
478719
478989
479259
479538
479826
480099
480368
480652
480949
481260
481578
481909
482237
482544
482863
483187
483517
483849
484184
484510
484820
485129
485441
485775
486096
486423
486748
487058
487383
487721
488071
488408
488742
489067
489378
489640
490042
490395
490728
491053
491376
491696
492019
492345
492678
492985
493286
493593
493896
494219
494542
494876
495195
495504
495818
496128
496457
496793
497123
497434
497741
498054
498362
498676
499001
499338
499646
499950
500276
500595
500916
501238
501568
501882
502187
502522
502864
503192
503525
503857
504175
504489
504820
505158
505488
505817
506139
506450
506766
507099
507430
507751
508068
508380
508680
508974
509293
509615
509931
510253
510565
510879
511194
511531
511872
512191
512505
512808
513113
513403
513696
514003
514309
514608
514909
515234
515563
515896
516261
516613
516934
517253
517587
517921
518252
518596
518918
519224
519535
519858
520184
520510
520851
521167
521470
521776
522100
522422
522729
523046
523342
523629
523923
524221
524547
524873
525199
525512
525807
526115
526438
526769
527099
527429
527751
528043
528345
528658
528995
529319
529645
529978
530294
530607
530938
531287
531620
531940
532271
532589
532911
533252
533601
533936
534254
534580
534892
535216
535547
535871
536177
536482
536802
537120
537455
537779
538102
538400
538680
538976
539264
539558
539873
540197
540517
540827
541144
541473
541805
542145
542482
542805
543115
543435
543757
544082
544414
544738
545051
545356
545671
546002
546332
546669
546990
547310
547622
547936
548270
548595
548918
549235
549554
549859
550173
550507
550837
551161
551470
551780
552084
552395
552730
553048
553359
553663
553966
554268
554577
554914
555239
555545
555849
556161
556477
556797
557140
557482
557814
558133
558461
558791
559117
559465
559798
560107
560404
560711
561034
561356
561683
562008
562314
562621
562927
563240
563559
563882
564202
564508
564819
565127
565455
565780
566114
566446
566752
567064
567386
567724
568052
568380
568708
569008
569307
569622
569951
570273
570588
570907
571215
571513
571816
572137
572458
572761
573065
573359
573654
573964
574286
574614
574929
575229
575536
575836
576151
576474
576800
577114
577420
577737
578053
578370
578710
579056
579375
579682
580008
580322
580630
580944
581265
581576
581869
582180
582496
582815
583141
583464
583780
584081
584390
584706
585030
585365
585697
586022
586335
586657
586985
587315
587646
587965
588281
588584
588898
589229
589548
589875
590197
590508
590809
591119
591456
591787
592115
592440
592763
593073
593396
593736
594070
594400
594718
595030
595334
595645
595978
596299
596611
596918
597223
597531
597847
598185
598509
598819
599130
599446
599759
600081
600426
600756
601082
601393
601718
602053
602389
602741
603071
603384
603699
604023
604346
604666
605001
605322
605620
605927
606247
606575
606908
607245
607562
607867
608176
608502
608833
609151
609483
609789
610084
610382
610680
611000
611311
611626
611954
612262
612571
612895
613237
613565
613886
614208
614520
614837
615165
615507
615831
616146
616461
616766
617083
617416
617763
618100
618421
618747
619061
619385
619723
620067
620390
620706
621029
621345
621678
622015
622354
622668
622976
623288
623588
623896
624198
624502
624797
625084
625386
625693
626013
626348
626682
626997
627304
627623
627954
628287
628623
628962
629282
629585
629908
630233
630559
630885
631203
631514
631815
632127
632449
632765
633085
633391
633687
633978
634279
634603
634933
635266
635594
635921
636239
636571
636924
637264
637605
637932
638262
638586
638924
639268
639597
639924
640238
640555
640870
641199
641532
641851
642160
642464
642778
643089
643413
643745
644059
644365
644669
644982
645287
645603
645948
646270
646576
646892
647216
647547
647880
648228
648558
648873
649195
649535
649875
