352
725
1087
1449
1830
2198
2572
2919
3234
3572
3931
4282
4613
4948
5256
5559
5864
6175
6473
6758
7046
7337
7617
7898
8184
8476
8759
9026
9272
9518
9770
10039
10316
10584
10886
11246
11590
11936
12288
12650
13002
13320
13618
13919
14228
14565
14904
15232
15562
15901
16246
16607
16999
17355
17702
18027
18334
18645
18965
19276
19580
19870
20138
20407
20691
20990
21301
21638
22009
22365
22690
23017
23365
23720
24049
24363
24685
25011
25339
25698
26069
26435
26788
27138
27472
27811
28162
28501
28802
29106
29409
29712
30025
30335
30631
30921
31191
31463
31727
32015
32336
32668
32867
33044
33477
33652
33822
34306
34666
34858
35281
35468
35638
36102
36289
36758
36951
37125
37582
37913
38092
38268
38756
38938
39119
39591
39903
40085
40256
40715
41034
41222
41395
41838
42003
42440
42625
42798
43276
43459
43907
44083
44508
44693
44868
45351
45532
45977
46155
46324
46778
46955
47414
47605
47782
48226
48400
48569
49010
49191
49376
49836
50022
50425
50606
50773
51213
51399
51851
52037
52212
52662
52835
53276
53579
53874
54074
54253
54717
54888
55063
55560
55747
56228
56549
56843
57175
57496
57684
57875
58346
58534
58993
59169
59332
59770
59954
60433
60636
61083
61276
61730
62100
62489
62823
63129
63500
63691
63864
64035
64569
64766
65288
65706
66105
66486
66887
67303
67703
68096
68465
68870
69270
69636
69965
70281
70619
70999
71408
71816
72193
72560
72946
73337
73730
74087
74409
74743
75139
75515
75908
76288
76671
77024
77401
77772
78157
78501
78857
79261
79651
80034
80375
80687
81020
81391
81805
82214
82586
82945
83307
83664
84035
84436
84837
85214
85601
86011
86381
86756
87133
87508
87889
88299
88712
89097
89431
89743
90058
90399
90778
91134
91455
91754
92047
92346
92659
93016
93394
93714
94035
94376
94717
95042
95381
95717
95904
96336
96663
97009
97331
97621
97910
98218
98514
98821
99135
99472
99808
100119
100443
100789
101149
101519
101884
102230
102560
102910
103302
103668
104042
104410
104779
105124
105504
105899
106289
106632
106978
107367
107776
108155
108538
108922
109290
109670
110065
110432
110789
111137
111471
111834
112228
112617
112956
113306
113673
114060
114404
114739
115083
115429
115765
116123
116533
116910
117280
117653
117991
118364
118760
119141
119486
119851
120224
120604
121006
121403
121771
122120
122471
122811
123139
123485
123884
124249
124646
125033
125417
125789
126117
126453
126813
127169
127565
127956
128311
128678
129050
129449
129821
130185
130540
130872
131234
131633
132013
132384
132723
133080
133467
133836
134208
134570
134905
135253
135617
135979
136355
136725
137060
137407
137758
138101
138462
138820
139174
139531
139876
140238
140574
140922
141279
141640
141975
142337
142714
143071
143399
143709
144036
144356
144681
144990
145316
145688
146067
146455
146825
147194
147540
147874
148193
148521
148890
149303
149688
150033
150387
150781
151180
151574
151934
152289
152666
153054
153433
153787
154089
154382
154685
155007
155321
155635
155942
156228
156500
156774
157053
157341
157618
157897
158172
158435
158692
158939
159203
159485
159786
160123
160483
160654
161076
161417
161751
162077
162426
162780
162955
163370
163709
164069
164416
164737
165062
165403
165754
166101
166420
166726
167030
167362
167697
168041
168402
168771
169113
169438
169758
170092
170467
170825
171159
171485
171831
172201
172564
172910
173259
173600
173920
174235
174558
174889
175188
175491
175784
176071
176384
176701
177017
177331
177618
177888
178187
178496
178833
179178
179503
179811
180123
180443
180782
181142
181502
181832
182147
182465
182785
183105
183436
183778
184118
184432
184752
185092
185454
185807
186149
186496
186822
187149
187509
187853
188210
188550
188872
189198
189515
189835
190152
190482
190788
191106
191452
191815
192182
192550
192905
193233
193567
193913
194256
194607
194957
195282
195605
195963
196323
196686
197051
197400
197736
198070
198413
198764
199136
199485
199804
200138
200496
200857
201217
201549
201859
202168
202480
202779
203085
203389
203683
203972
204265
204578
204918
205295
205667
206011
206360
206704
207068
207462
207832
208183
208531
208890
209251
209615
209971
210306
210643
210990
211354
211715
212081
212422
212756
213116
213474
213829
214185
214525
214818
215132
215478
215843
216205
216535
216850
217160
217487
217813
218137
218464
218794
219123
219451
219790
220143
220518
220878
221226
221598
221991
222393
222774
223139
223498
223844
224204
224565
224899
225230
225550
225858
226177
226497
226822
227131
227421
227720
228015
228340
228678
229006
229333
229670
229988
230289
230596
230927
231267
231611
231945
232247
232566
232911
233260
233597
233922
234244
234570
234892
235229
235578
235935
236269
236594
236910
237237
237583
237934
238246
238566
238898
239257
239618
239961
240280
240575
240864
241172
241515
241867
242233
242599
242962
243305
243663
244022
244357
244699
245031
245368
245724
246074
246415
246749
247046
247341
247638
247952
248258
248564
248863
249162
249458
249744
250044
250353
250654
250960
251236
251520
251814
252119
252476
252830
253163
253473
253763
254065
254358
254670
254997
255308
255615
255920
256104
256509
256811
257114
257405
257583
257960
258137
258534
258714
259128
259419
259600
259992
260166
260597
260889
261180
261480
261667
262046
262315
262578
262748
262917
263356
263647
263824
264212
264385
264760
265042
265337
265522
265933
266212
266387
266557
266940
267106
267494
267762
267945
268129
268508
268663
269004
269176
269527
269704
270044
270210
270548
270706
271028
271191
271516
271687
272047
272220
272580
272749
273081
273242
273593
273767
274135
274313
274685
274850
275192
275361
275689
275861
276205
276380
276720
276896
277227
277390
277720
277883
278234
278414
278771
278942
279271
279430
279741
279900
280229
280401
280728
280901
281224
281389
281709
281865
282204
282362
282715
282883
283229
283401
283715
283872
284184
284353
284691
284863
285201
285364
285695
285848
286169
286332
286664
286830
287183
287355
287721
287882
288231
288389
288745
288916
289297
289477
289831
289996
290319
290487
290818
290993
291331
291508
291844
292014
292337
292503
292836
293002
293366
293538
293922
294094
294444
294608
294949
295149
295467
295665
296006
296183
296535
296701
297055
297223
297612
297789
298207
298385
298794
298961
299366
299539
299997
300179
300610
300786
301212
301387
301827
302009
302442
302631
303033
303209
303576
303753
304159
304343
304783
304967
305380
305550
305973
306162
306599
306790
307188
307362
307751
307931
308344
308531
308962
309156
309570
309742
310135
310311
310722
310919
311315
311497
311873
312047
312215
312639
312816
313217
313398
313583
313995
314151
314547
314722
315116
315301
315693
315900
316221
316392
316750
316933
317316
317494
317874
318049
318437
318609
318998
319177
319584
319766
320166
320343
320690
320950
321140
321326
321759
321931
322331
322495
322886
323064
323473
323689
324067
324350
324617
324878
325059
325227
325623
325911
326192
326464
326644
327026
327201
327579
327800
328158
328439
328620
328793
329209
329405
329767
329979
330369
330651
330947
331241
331551
331726
332174
332515
332838
333165
333516
333837
334167
334516
334855
335178
335497
335797
336108
336423
336751
337068
337362
337656
337948
338236
338552
338874
339187
339506
339819
340123
340438
340781
341115
341457
341799
342111
342431
342774
343111
343450
343773
344089
344407
344705
345023
345358
345684
346012
346323
346616
346900
347169
347458
347754
347955
348121
348515
348694
349048
349265
349590
349772
350125
350308
350658
350905
351083
351245
351653
351836
352244
352515
352781
352956
353109
353547
353760
354157
354367
354749
355014
355275
355538
355811
356115
356425
356611
357014
357301
357573
357877
358214
358410
358831
359135
359418
359603
359770
360203
360380
360818
361114
361387
361564
361722
362145
362353
362779
363077
363366
363647
363923
364199
364483
364789
365085
365376
365677
365970
366247
366522
366817
367132
367443
367733
368016
368303
368595
368897
369203
369506
369795
370091
370400
370705
371020
371349
371666
371992
372306
372595
372923
373279
373629
373942
374247
374527
374817
375131
375474
375803
376162
376518
376843
377190
377550
377772
378246
378463
378857
379155
379455
379792
379989
380161
380626
380801
381245
381421
381592
382055
382273
382723
382901
383326
383507
383963
384153
384652
384834
385284
385466
385927
386109
386610
386797
387279
387456
387909
388122
388593
388792
389253
389599
389920
390108
390287
390781
390994
391458
391653
391820
392257
392466
392912
393111
393574
393903
394082
394526
394868
395075
395258
395716
395927
396344
396528
396978
397172
397649
397997
398179
398356
398816
398999
399494
399870
400211
400566
400759
401235
401622
401981
402359
402552
403004
403355
403563
403757
404238
404456
404875
405059
405508
405729
406197
406538
406732
406914
407349
407531
407994
408327
408524
408707
409138
409309
409760
409952
410411
410602
411049
411228
411648
411830
412276
412467
412937
413117
413546
413724
414181
414375
414855
415043
415491
415669
416126
416320
416783
416978
417434
417616
418056
418235
418701
418900
419369
419551
419997
420171
420623
420819
421291
421475
421927
422109
422541
422720
423198
423385
423847
424031
424474
424653
425136
425330
425801
425984
426415
426598
427041
427235
427683
428030
428377
428567
428997
429335
429691
430035
430234
430677
431024
431371
431730
432093
432450
432795
433158
433354
433828
434229
434602
434968
435334
435527
436008
436395
436599
437055
437426
437617
438092
438296
438755
439409
439596
440249
440447
440929
441116
441569
441749
442205
442402
442882
443072
443536
443716
444164
444353
444824
445187
445386
445818
446000
446448
446651
447086
447286
447680
447866
448295
448626
448824
449289
449497
449962
450140
450572
450762
451234
451593
451792
452237
452586
452777
453263
453461
453954
454150
454605
454794
455270
455473
455959
456157
456608
456789
457257
457462
457940
458137
458601
458784
459218
459544
459896
460097
460584
460936
461271
461647
462056
462438
462827
463211
463594
463965
464359
464754
465136
465505
465880
466296
466702
467087
467453
467845
468249
468626
469012
469380
469759
470140
470524
470924
471281
471632
472018
472406
472778
473162
473529
473894
474240
474596
474988
475406
475812
476211
476610
477012
477418
477811
478187
478549
478947
479351
479742
480159
480526
480892
481279
481685
482101
482466
482857
483248
483657
484025
484388
484755
485115
485452
485815
486204
486576
486921
487282
487633
488037
488405
488778
489160
489516
489904
490298
490659
491008
491366
491726
492106
492499
492882
493243
493582
493931
494291
494666
495056
495413
495773
496152
496538
496930
497313
497672
498016
498355
498711
499064
499431
499794
500133
500499
500894
501270
501648
502008
502352
502722
503122
503525
503920
504295
504702
505110
505519
505916
506284
506659
507040
507439
507861
508243
508634
509018
509416
509829
510219
510604
510955
511349
511750
512126
512475
512788
513099
513402
513722
514037
514337
514636
514929
515230
515533
515843
516146
516454
516780
516966
517394
517708
517903
518364
518713
518899
519328
519512
519949
520142
520593
520783
521410
521581
522039
522221
522693
522886
523340
523511
523933
524110
524594
524792
525254
525436
525886
526060
526518
526709
527180
527372
527799
527974
528382
528564
529020
529210
529672
529847
530285
530461
530924
531116
531591
531779
532224
532398
532811
532997
533448
533637
534072
534246
534635
534815
535258
535443
535904
536087
536520
536697
537160
537341
537824
538016
538458
538639
539066
539242
539704
540037
540229
540421
540871
541041
541491
541811
542006
542195
542662
542836
543275
543448
543907
544109
544572
544755
545196
545374
545789
545985
546167
546631
546813
547269
547444
547864
548043
548507
548697
549134
549313
549738
549915
550357
550551
550994
551181
551598
551774
552197
552381
552840
553034
553493
553676
554116
554299
554759
554954
555426
555613
556036
556219
556678
556865
557338
557527
557974
558190
558594
558774
559249
559450
559924
560105
560285
560731
560919
561383
561581
561763
562231
562409
562880
563065
563246
563760
564146
564498
564687
564855
565339
565756
565959
566136
566621
566797
566972
567458
567851
568198
568563
568756
568931
569393
569788
570198
570595
570978
571391
571771
572128
572497
572899
573261
573650
574070
574480
574894
575312
575738
576186
576619
577059
577459
577859
578241
578657
579104
579529
579874
580228
580605
580952
581293
581505
581686
582135
582481
582837
583184
583390
583577
584066
584461
584866
585074
585264
585779
586185
586376
586551
587072
587511
587713
587897
588395
588832
589023
589212
589758
589948
590128
590619
591022
591215
591396
591927
592353
592540
592713
593214
593647
593849
594033
594551
594967
595154
595324
595847
596306
596500
596681
597174
597364
597538
598062
598524
598718
598900
599389
599564
599738
600277
600708
600905
601078
601572
601985
602185
602372
602903
603299
603487
603658
604147
604571
604772
604958
605453
605835
606024
606203
606700
607133
607330
607516
607994
608178
608356
608854
609042
609229
609709
609878
610320
610509
610681
611164
611354
611530
611989
612150
612631
612821
613025
613517
613704
614171
614512
614694
615160
615528
615730
616212
616565
616750
616933
617448
617877
618073
618561
618756
618943
619451
619878
620081
620278
620776
621146
621340
621526
622062
622476
622846
623039
623226
623725
624133
624338
624523
625018
625371
625559
626017
626222
626676
626983
627319
627630
627832
628013
628493
628682
629117
629406
629681
629972
630259
630569
630774
630950
631402
631568
631983
632306
632510
632693
633132
633312
633704
633882
634051
634471
634659
635077
635269
635656
635836
636228
636406
636841
637038
637473
637661
638079
638257
638662
638857
639302
639491
639900
640086
640262
640693
640877
641309
641618
641807
641989
642401
642572
642970
643156
643561
643761
644141
644413
644600
644768
645188
645405
645802
645995
646181
646616
646916
647224
647571
647777
648266
648623
648969
649162
649339
649792
649990
