68
365
423
714
770
1075
1135
1418
1473
1747
1839
2085
2176
2437
2537
2811
2909
3161
3258
3514
3613
3850
3944
4105
4183
4529
4582
4890
4991
5270
5369
5642
5735
6040
6097
6406
6498
6803
6906
7210
7269
7612
7668
7983
8076
8354
8452
8729
8823
9115
9176
9502
9605
9888
9982
10135
10251
10343
10619
10677
10878
11375
11434
11745
11799
12097
12154
12435
12529
12780
12837
13152
13256
13569
13625
13996
14093
14394
14449
14774
14827
15145
15201
15537
15640
15940
16037
16328
16422
16712
16808
17085
17180
17459
17554
17851
17953
18248
18310
18608
18669
18972
19030
19335
19399
19721
19822
20112
20173
20511
20570
20871
20926
21230
21291
21599
21696
21978
22074
22351
22447
22717
22776
23113
23170
23536
23591
23957
24017
24374
24434
24774
24831
25157
25213
25539
25598
25914
25972
26308
26366
26706
26768
27103
27162
27469
27526
27852
27908
28238
28295
28634
28699
29021
29081
29385
29438
29722
29778
30072
30131
30462
30526
30899
30957
31340
31440
31786
31838
32189
32244
32615
32718
33045
33102
33436
33533
33811
33910
34186
34278
34550
34645
34937
35000
35334
35394
35687
35746
36044
36097
36395
36454
36769
36829
37216
37277
37704
37763
38124
38181
38517
38572
38909
38971
39312
39370
39698
39760
40095
40152
40461
40519
40843
40897
41226
41290
41619
41682
42013
42073
42393
42452
42765
42823
43140
43204
43537
43601
43929
43990
44316
44374
44699
44759
45072
45131
45440
45500
45820
45888
46226
46288
46585
46644
46928
46992
47271
47337
47645
47712
47945
48001
48115
48178
48296
48557
48624
48936
48995
49314
49377
49702
49766
50094
50161
50469
50528
50835
50896
51194
51250
51546
51605
51926
51992
52321
52381
52696
52758
53070
53131
53439
53500
53804
53865
54176
54243
54581
54646
54959
55023
55338
55396
55704
55766
56093
56156
56483
56549
56888
56951
57271
57329
57649
57712
58018
58080
58404
58467
58803
58867
59205
59273
59586
59649
59941
60001
60306
60370
60787
61180
61580
61952
62321
62698
63092
63490
63871
64246
64614
64994
65392
65791
66159
66540
66911
67295
67683
68074
68450
68798
69172
69526
69905
70276
70726
71158
71626
72056
72458
72838
73219
73589
74003
74392
74764
75132
75511
75892
76307
76703
77061
77434
77814
78196
78591
78976
79338
79708
80096
80476
80859
81216
81556
81900
82279
82674
83132
83544
83824
84344
84792
85208
85583
85966
86318
86693
87078
87466
87837
88216
88599
88986
89394
89795
90181
90546
90942
91341
91734
92105
92477
92849
93248
93625
94006
94366
94716
95057
95432
95856
96330
96749
97143
97546
97966
98351
98705
99066
99442
99821
100212
100581
100944
101305
101668
102036
102402
102773
103218
103621
104041
104458
104842
105227
105601
105982
106381
106796
107176
107331
107592
107947
108339
108736
109143
109533
109888
110300
110711
111100
111500
111863
112246
112652
113047
113435
113819
114199
114571
114990
115379
115769
116142
116523
116893
117312
117712
118095
118477
118872
119261
119677
120057
120427
120813
121216
121616
122009
122387
122742
123109
123489
123888
124264
124640
124998
125379
125765
126169
126542
126925
127307
127683
128083
128497
128858
129238
129626
130017
130420
130808
131188
131555
131950
132342
132734
133098
133456
133795
134160
134541
134926
135407
135846
136257
136657
137074
137447
137828
138214
138598
139013
139398
139772
140148
140536
140939
141328
141717
142092
142468
142883
143286
143691
144079
144464
144846
145266
145669
146059
146458
146839
147251
147662
148069
148449
148841
149236
149640
150055
150444
150824
151219
151611
152018
152404
152786
153142
153536
153920
154304
154672
155042
155414
155796
156197
156582
156944
157318
157700
158078
158471
158841
159198
159557
159957
160432
160891
161289
161683
162064
162444
162820
163211
163565
163925
164310
164702
165093
165474
165851
166228
166610
167013
167440
167767
168144
168522
168903
169303
169686
170047
170424
170800
171186
171580
171954
172325
172682
173069
173451
173823
174184
174535
174873
175252
175678
176130
176527
176909
177284
177680
178072
178436
178784
179154
179499
179843
180064
180640
181026
181398
181789
182157
182555
182919
183272
183647
184037
184417
184794
185163
185508
185872
186355
186807
187211
187600
187977
188367
188773
189147
189501
189875
190234
190618
191002
191361
191696
192058
192427
192880
193341
193553
194134
194552
194943
195319
195696
196071
196432
196787
197178
197549
197905
198370
198825
199240
199659
200044
200415
200792
201186
201573
201970
202342
202703
203072
203466
203834
204213
204607
205062
205493
205714
206304
206703
207065
207433
207809
208203
208573
208927
209292
209648
210015
210458
210886
211264
211639
212014
212403
212807
213189
213546
213941
214331
214709
215093
215468
215836
216213
216618
216993
217353
217727
218072
218439
218905
219384
219805
220205
220596
220988
221205
221737
222085
222446
222803
223213
223663
224049
224435
224820
225225
225610
225998
226368
226741
227126
227530
227899
228273
228633
229004
229379
229754
230133
230481
230947
231369
231781
232180
232585
232963
233372
233747
234136
234515
234867
235230
235592
235999
236379
236749
237122
237486
237837
238301
238801
239204
239639
240023
240445
240856
241219
241587
241984
242384
242785
243161
243518
243880
244252
244654
245035
245426
245781
246150
246540
246946
247340
247731
248114
248502
248907
249311
249687
250053
250434
250821
251219
251605
251972
252320
252677
253028
253418
253872
254259
254622
255021
255411
255796
256156
256505
256840
257186
257614
257955
258301
258628
259088
259489
259915
260295
260664
261018
261384
261744
262113
262472
262957
263192
263668
264185
264554
264947
265314
265679
266080
266472
266848
267211
267557
267930
268509
268699
268975
269367
269782
270175
270573
270986
271372
271749
272128
272518
272905
273276
273632
273989
274450
274893
275300
275686
276051
276414
276798
277186
277564
277904
278289
278656
279047
279431
279793
280144
280499
280943
281417
281864
282251
282632
283029
283435
283829
284220
284592
284954
285349
285740
286127
286495
286860
287228
287612
287994
288348
288740
289160
289564
289943
290323
290677
291024
291380
291729
292106
292484
292845
293198
293555
293923
294283
294653
295021
295373
295722
296108
296497
296883
297247
297612
297966
298337
298724
299147
299574
299975
300362
300763
301170
301551
301896
302303
302715
303113
303509
303885
304251
304631
305011
305371
305750
306121
306677
306961
307379
307778
308180
308549
308929
309324
309712
310077
310444
310805
311163
311534
311985
312424
312838
313240
313634
314038
314427
314801
315183
315588
315980
316368
316758
317122
317513
317914
318307
318688
319079
319451
319846
320262
320647
321028
321395
321774
322160
322562
322939
323310
323680
324061
324454
324857
325239
325603
325988
326375
326581
327144
327527
327884
328252
328632
329019
329386
329740
330101
330473
330984
331447
331852
332249
332627
333023
333425
333816
334175
334552
334936
335703
336078
336431
336779
337156
337628
338068
338487
338890
339288
339705
340098
340480
340849
341233
341609
342014
342381
342754
343111
343488
343870
344250
344641
345178
345622
346051
346446
346853
347215
347585
347975
348365
348751
349129
349491
349853
350239
350635
351009
351398
351764
352137
352530
352920
353294
353657
354039
354425
354820
355228
355603
355976
356362
356756
357151
357524
357899
358287
358683
359086
359500
359874
360260
360659
361049
361451
361853
362234
362628
362999
363406
363807
364183
364554
364930
365313
365697
366090
366452
366809
367170
367547
367907
368284
368644
369003
369464
369905
370295
370665
371042
371412
371807
372210
372600
372962
373336
373698
374085
374466
374836
375183
375538
375921
376339
376724
377092
377433
377773
378127
378479
378827
379169
379510
379843
380123
380186
380475
380538
380820
380881
381156
381217
381485
381547
381872
382194
382534
382834
382895
383242
383584
383917
384260
384601
384952
385302
385630
385955
386275
386614
386949
387288
387629
387948
388251
388565
388892
389216
389537
389867
390185
390501
390830
391179
391539
391877
392214
392540
392865
393039
393505
393834
394142
394439
394751
395050
395352
395671
395989
396312
396617
396916
397233
397558
397898
398243
398588
398916
399230
399565
399909
400231
400583
400932
401252
401604
401966
402334
402676
403021
403355
403700
404047
404416
404781
405110
405436
405771
406104
406556
406926
407289
407629
408123
408532
408907
409281
409616
409942
410285
410675
411044
411489
411829
412190
412545
412941
413512
413941
414358
414743
415134
415519
415869
416228
416663
417008
417394
417844
418183
418563
418949
419343
419746
420129
420500
420844
421236
421654
422142
422508
422906
423299
423711
424100
424490
424846
425229
425612
426004
426447
427049
427413
427824
428239
428645
429024
429395
429766
430174
430548
430951
431493
431962
432405
432801
433178
433561
433921
434298
434684
435077
435656
436054
436468
436871
437280
437650
438012
438742
439116
439529
439969
440406
440834
441241
441628
441950
442048
442322
442377
442671
442732
443059
443117
443434
443492
443799
443856
444211
444526
444582
444940
445273
445378
445667
445766
446046
446104
446401
446496
446758
446821
447114
447177
447506
447572
447979
448042
448326
448385
448680
448737
449042
449107
449407
449472
449779
449844
450144
450206
450494
450585
450833
450927
451169
451269
451534
451594
451893
451953
452241
452305
452590
452648
452976
453312
453650
454011
454360
454696
455034
455365
455700
456046
456407
456745
457063
457279
457737
458080
458438
458790
459121
459450
459785
460135
460495
460840
461215
461540
461884
462238
462587
462923
463272
463609
463930
464258
464606
464961
465295
465636
465979
466301
466638
466997
467331
467653
467971
468287
468616
468944
469298
469641
469979
470307
470641
470980
471314
471653
471983
472290
472601
472918
473245
473561
473874
474203
474519
474829
475156
475494
475833
476161
476479
476798
477111
477431
477775
478128
478462
478778
479122
479445
479779
480142
480488
480833
481148
481504
481836
482176
482531
482870
483184
483508
483849
484181
484521
484856
485178
485502
485824
486167
486516
486854
487178
487511
487847
488179
488522
488880
489209
489561
489911
490261
490592
490779
491323
491646
491966
492286
492611
492944
493277
493595
493899
494198
494508
494851
495183
495516
495854
496170
496477
496796
497135
497478
497811
498135
498455
498776
499104
499437
499783
500104
500412
500736
501049
501387
501736
502079
502416
502725
503076
503427
503762
504124
504474
504797
505120
505489
505833
506170
506531
506861
507185
507545
507917
508265
508612
508954
509290
509616
509825
510317
510678
510990
511323
511661
511986
512350
512712
513040
513394
513713
514092
514461
514820
515186
515522
515872
516202
516588
516959
517307
517649
518022
518351
518732
519082
519424
519759
520124
520442
520785
521182
521515
521875
522230
522561
522964
523355
523713
524097
524459
524802
525167
525515
525897
526229
526417
526938
527311
527650
528025
528245
528755
528959
529373
529761
530099
530467
530822
531142
531517
531895
532240
532609
532957
533325
533696
534069
534426
534806
535165
535498
535878
536231
536586
536962
537279
537647
538019
538365
538750
539113
539442
539789
540132
540494
540874
541221
541556
541915
542274
542624
542985
543366
543696
544087
544450
544831
545211
545549
545913
546264
546667
547013
547407
547748
548114
548447
548870
549272
549654
550027
550401
550736
551154
551537
551886
552290
552619
553088
553560
553962
554329
554699
555073
555450
555849
556209
556560
556996
557454
557882
558287
558668
559051
559399
559831
560236
560624
560993
561361
561723
562156
562558
562948
563316
563691
564070
564452
564845
565211
565571
565937
566305
566659
567021
567370
567736
568093
568530
568963
569322
569708
570080
570431
570819
571174
571507
571905
572234
572646
573021
573354
573715
574052
574390
574764
575170
575511
575892
576263
576605
577018
577378
577781
578103
578472
578835
579178
579577
579920
580274
580617
580814
581296
581643
581963
582323
582658
582979
583320
583726
584062
584393
584770
585090
585431
585837
586213
586537
586922
587284
587614
588013
588368
588735
589045
589418
589744
590128
590476
590819
591170
591491
591832
592220
592559
592936
593266
593620
593980
594324
594711
595054
596064
596432
596792
597141
597478
597825
598171
598529
598898
599269
599657
600018
600379
600766
601091
601412
601504
601811
602156
602511
602930
603197
603295
603550
603648
603901
603959
604233
604325
604575
604638
604936
605038
605309
605369
605672
605727
606002
606098
606348
606405
606676
606737
607019
607119
607371
607437
607722
607817
608106
608422
608682
608775
608999
609059
609321
609386
609655
609721
609986
610052
610306
610365
610608
610668
610926
610988
611245
611341
611568
611666
611892
611986
612301
612518
612608
612870
613108
613170
613360
613484
613736
613794
614042
614099
614347
614402
614647
614704
614948
615002
615302
615552
615612
615880
615942
616201
616259
616522
616584
616831
616927
617146
617242
617456
617514
617763
617825
618087
618153
618402
618500
618705
618796
618846
618990
619080
619236
619513
619570
619625
619853
619914
620148
620213
620457
620520
620751
620848
621037
621095
621316
621374
621597
621688
621885
621980
622179
622240
622472
622534
622780
622842
623083
623139
623364
623421
623652
623744
623940
624036
624242
624341
624554
624616
624858
624917
625163
625224
625460
625552
625742
625799
626028
626090
626321
626415
626520
626634
626735
626943
627040
627192
627250
627339
627547
627640
627842
627933
628126
628181
628414
628475
628715
628779
629028
629092
629336
629399
629638
629697
629936
629997
630231
630290
630531
630589
630830
630893
631136
631201
631418
631769
631824
632051
632109
632353
632413
632652
632713
632956
633017
633264
633327
633573
633638
633888
633950
634245
634474
634531
634772
634836
635079
635142
635392
635454
635705
635764
636015
636075
636321
636382
636620
636713
636922
636980
637237
637301
637558
637621
637875
637971
638198
638256
638499
638558
638810
638869
639114
639170
639425
639486
639760
639821
640089
640149
640394
640452
640702
640755
641006
641063
641330
641389
641664
641728
642012
642080
642370
642434
642697
642755
643016
643075
643339
643401
643670
643730
643995
644059
644330
644397
644659
644720
644966
645019
645254
645312
645561
645619
645872
645935
646192
646255
646517
646577
646847
646910
647164
647225
647476
647533
647793
647849
648120
648183
648456
648516
648778
648837
649095
649155
649400
649457
649698
649756
