111
343
572
808
1048
1287
1522
1765
1995
2220
2436
2660
2883
3116
3352
3586
3813
4041
4264
4480
4691
4908
5128
5359
5592
5820
6048
6260
6483
6697
6918
7135
7358
7585
7824
8068
8293
8512
8738
8971
9197
9424
9661
9903
10149
10392
10621
10845
11076
11311
11550
11785
12031
12278
12523
12766
12998
13229
13464
13716
13924
14212
14463
14714
14959
15202
15437
15670
15919
16182
16438
16686
16937
17179
17425
17664
17904
18155
18423
18680
18930
19176
19416
19660
19908
20152
20401
20669
20929
21181
21426
21668
21911
22161
22408
22661
22923
23189
23440
23678
23919
24159
24409
24665
24923
25180
25449
25700
25938
26179
26423
26679
26940
27200
27455
27656
27966
28205
28453
28700
28961
29231
29491
29744
30005
30255
30500
30744
30998
31260
31532
31792
32043
32296
32551
32800
33043
33244
33561
33826
34088
34335
34581
34838
35086
35332
35592
35854
36120
36379
36628
36874
37132
37384
37640
37903
38166
38432
38692
38937
39179
39434
39691
39952
40212
40474
40730
40985
41229
41470
41722
41989
42251
42504
42764
43013
43264
43512
43761
44011
44284
44547
44800
45055
45302
45550
45777
46046
46292
46557
46820
47077
47317
47559
47797
48045
48291
48547
48806
49074
49329
49568
49809
50049
50301
50558
50811
51063
51330
51581
51821
52059
52302
52551
52812
53069
53320
53579
53833
54073
54308
54550
54794
55050
55307
55561
55805
56057
56297
56533
56774
57022
57284
57550
57804
58049
58299
58547
58794
59038
59296
59562
59830
60084
60329
60581
60834
61082
61333
61598
61860
62126
62378
62620
62866
63121
63371
63620
63879
64132
64389
64637
64876
65109
65358
65610
65862
66113
66370
66627
66878
67119
67356
67609
67872
68133
68389
68647
68896
69146
69386
69630
69881
70149
70409
70663
70917
71161
71407
71657
71903
72150
72418
72681
72938
73186
73432
73677
73930
74180
74433
74698
74971
75226
75467
75713
75955
76206
76464
76726
76985
77257
77512
77755
78000
78248
78507
78772
79032
79288
79551
79804
80050
80290
80540
80797
81066
81324
81578
81836
82089
82336
82577
82829
83086
83355
83616
83869
84119
84378
84623
85115
85368
85637
85896
86144
86381
86629
86867
87104
87345
87592
87841
88086
88321
88550
88777
89020
89255
89491
89733
89980
90231
90479
90708
90936
91175
91424
91674
91920
92173
92425
92677
92921
93160
93406
93672
93933
94191
94455
94713
94970
95223
95475
95726
96004
96276
96540
96805
97062
97320
97576
97832
98092
98373
98645
98902
99158
99408
99666
99919
100177
100441
100722
100983
101235
101484
101727
101980
102236
102493
102752
103025
103284
103532
103780
104028
104282
104538
104817
105077
105347
105607
105854
106098
106350
106606
106873
107138
107397
107657
107921
108170
108414
108670
108933
109204
109472
109734
109991
110250
110499
110745
111003
111265
111537
111803
112058
112309
112571
112822
113076
113341
113607
113883
114147
114398
114643
114907
115162
115416
115684
115949
116217
116480
116730
116974
117241
117502
117761
118027
118289
118547
118796
119037
119276
119531
119787
120043
120292
120538
120782
121017
121243
121471
121701
121954
122193
122431
122663
122892
123119
123355
123576
123801
124038
124290
124528
124758
124993
125221
125453
125688
125918
126152
126398
126652
126892
127121
127353
127581
127817
128057
128296
128539
128794
129048
129295
129525
129760
129995
130240
130489
130742
130994
131257
131506
131745
131982
132223
132476
132742
132997
133250
133516
133773
134018
134259
134510
134765
135034
135298
135554
135814
136073
136321
136563
136817
137076
137346
137611
137870
138116
138373
138620
138862
139114
139375
139644
139913
140167
140408
140659
140910
141162
141415
141678
141943
142204
142449
142690
142937
143190
143443
143697
143957
144211
144467
144713
144954
145196
145457
145713
145971
146231
146488
146742
146997
147243
147485
147752
148022
148283
148538
148794
149046
149298
149541
149787
150054
150325
150588
150837
151090
151338
151589
151835
152086
152354
152625
152885
153073
153378
153621
153877
154126
154321
154646
154916
155174
155417
155659
155897
156146
156400
156655
156905
157169
157416
157652
157891
158133
158383
158646
158908
159162
159427
159681
159923
160163
160412
160669
160939
161197
161454
161716
161969
162216
162458
162711
162970
163241
163502
163755
164010
164267
164516
164761
165020
165283
165555
165817
166068
166318
166577
166826
167073
167334
167598
167868
168129
168380
168628
168891
169146
169402
169670
169935
170205
170464
170717
170963
171225
171483
171744
172008
172270
172533
172791
173037
173278
173539
173801
174064
174319
174577
174827
175076
175315
175554
175813
176053
176340
176590
176846
177088
177336
177584
177831
178084
178356
178615
178863
179105
179346
179592
179842
180088
180336
180601
180869
181125
181363
181610
181858
182115
182370
182630
182904
183175
183432
183625
183930
184184
184458
184724
184988
185263
185529
185780
186028
186282
186540
186813
187079
187340
187607
187866
188115
188362
188619
188886
189164
189428
189685
189945
190199
190400
190693
190951
191227
191500
191761
192011
192271
192521
192768
193019
193281
193550
193819
194071
194312
194566
194816
195064
195318
195584
195850
196117
196368
196609
196859
197116
197373
197626
197892
198155
198417
198666
198910
199165
199431
199697
199961
200231
200498
200761
201009
201259
201519
201788
202057
202322
202589
202847
203108
203360
203613
203878
204158
204430
204695
204959
205213
205475
205731
205987
206261
206544
206813
207071
207331
207585
207844
208102
208364
208637
208914
209178
209425
209677
209925
210182
210441
210704
210971
211241
211498
211742
211989
212238
212502
212767
213029
213292
213561
213813
214056
214308
214561
214832
215102
215365
215629
215898
216149
216395
216588
216910
217182
217455
217716
217974
218237
218488
218735
218995
219263
219536
220056
220310
220574
220825
221079
221341
221609
221882
222141
222388
222641
222899
223153
223409
223676
223942
224213
224468
224712
224968
225229
225490
225751
226024
226291
226556
226806
227051
227309
227573
227840
228102
228371
228637
228897
229146
229393
229656
229927
230197
230458
230721
230982
231241
231488
231734
232004
232276
232541
232801
233058
233309
233565
233811
234058
234326
234598
234817
235115
235368
235619
235874
236130
236389
236658
236936
237203
237454
237706
237957
238217
238480
238746
239016
239292
239553
239798
240049
240301
240567
240833
241101
241370
241639
241893
242140
242394
242648
242921
243190
243456
243721
243987
244239
244487
244746
245008
245286
245498
245821
246079
246347
246603
246851
247116
247386
247662
247926
248181
248437
248698
248954
249206
249474
249743
250015
250275
250524
250783
251042
251303
251565
251837
252111
252383
252634
252878
253136
253394
253656
253919
254186
254452
254717
254968
255210
255471
255734
255998
256260
256526
256789
257046
257297
257544
257811
258080
258345
258611
258873
259134
259389
259638
259891
260165
260435
260699
260964
261216
261473
261727
261979
262234
262511
262779
263035
263292
263541
263796
264054
264309
264571
264854
265123
265377
265629
265879
266135
266394
266658
266925
267203
267466
267718
267967
268216
268478
268745
269013
269276
269549
269804
270051
270296
270545
270807
271083
271346
271603
271869
272123
272370
272612
272866
273128
273399
273662
273914
274173
274427
274675
274921
275180
275443
275711
275972
276225
276473
276728
276977
277226
277489
277755
278027
278289
278542
278793
279055
279314
279570
279840
280109
280382
280638
280886
281142
281406
281667
281930
282201
282466
282731
282983
283230
283489
283757
284024
284288
284558
284820
285077
285326
285573
285832
286103
286372
286633
286896
287154
287412
287660
287909
288177
288452
288719
288979
289236
289491
289749
290000
290250
290526
290796
291057
291318
291570
291824
292084
292341
292599
292876
293146
293403
293657
293907
294162
294422
294684
294947
295223
295491
295743
295990
296241
296500
296765
297028
297292
297570
297830
298078
298328
298580
298842
299113
299380
299643
299916
300169
300415
300664
300916
301180
301455
301721
301977
302239
302492
302740
302989
303250
303521
303798
304063
304315
304829
305082
305338
305607
305882
306154
306418
306668
306927
307183
307441
307705
307977
308250
308521
308775
309022
309280
309538
309801
310069
310337
310604
310868
311117
311362
311620
311886
312150
312411
312679
312936
313194
313439
313684
313946
314217
314484
314745
315007
315265
315521
315770
316020
316291
316561
316829
317091
317349
317605
317865
318119
318377
318656
318926
319189
319449
319699
319955
320215
320472
320733
321013
321279
321533
321783
322033
322288
322546
322807
323070
323347
323609
323855
324103
324349
324606
324863
325128
325391
325664
325922
326168
326418
326666
326928
327195
327459
327721
327990
328241
328483
328729
328977
329240
329511
329772
330028
330239
330545
330784
331036
331289
331554
331823
332084
332334
332588
332835
333080
333326
333583
333850
334120
334379
334628
334879
335129
335379
335577
335894
336156
336427
336680
336926
337174
337432
337684
337938
338204
338467
338733
338986
339233
339483
339747
340007
340266
340537
340799
341062
341315
341564
341814
342085
342352
342615
342881
343142
343400
343654
343904
344158
344435
344707
344968
345230
345483
345744
345995
346248
346510
346792
347062
347321
347578
347827
348083
348334
348588
348855
349133
349398
349651
349905
350153
350409
350666
350929
351197
351474
351739
351988
352240
352491
352752
353014
353280
353551
353822
354080
354326
354578
354836
355103
355368
355630
355902
356162
356410
356655
356908
357165
357439
357706
357968
358240
358500
358751
359003
359263
359535
359815
360085
360344
360610
360867
361116
361369
361632
361909
362184
362449
362705
362970
363223
363474
363735
364001
364274
364543
364798
365047
365307
365556
365807
366072
366336
366604
366870
367123
367366
367623
367877
368133
368395
368663
368928
369191
369439
369686
369944
370210
370476
370737
370975
371268
371523
371773
372020
372281
372548
372817
373076
373340
373595
373850
374076
374345
374609
374884
375152
375410
375667
375914
376168
376419
376670
376939
377215
377481
377733
377986
378233
378487
378741
378999
379269
379545
379805
380052
380303
380554
380811
381071
381279
381610
381884
382147
382394
382645
382902
383167
383430
383694
383962
384227
384477
384723
384973
385229
385503
385769
386028
386294
386551
386798
387039
387293
387553
387823
388088
388345
388606
388861
389110
389357
389616
389887
390162
390427
390680
390938
391191
391442
391695
391914
392228
392500
392760
393006
393262
393516
393767
394022
394289
394505
394831
395081
395328
395585
395842
396096
396355
396622
396889
397154
397405
397650
397907
398168
398397
398697
398964
399230
399490
399739
399985
400241
400507
400776
401038
401302
401561
401819
402069
402317
402579
402852
403119
403378
403637
403885
404138
404388
404639
404903
405181
405445
405701
405954
406200
406454
406709
406967
407229
407508
407773
407958
408274
408519
408781
409042
409310
409574
409853
410116
410362
410612
410863
411126
411657
411924
412202
412455
412699
412951
413201
413467
413734
413997
414261
414527
414774
415016
415266
415517
415783
416052
416314
416568
416829
417078
417321
417571
417829
418099
418366
418625
418876
419133
419380
419625
419877
420138
420673
420931
421187
421447
421696
421946
422211
422474
422746
423007
423256
423504
423762
424015
424269
424537
424800
425068
425326
425574
425820
426083
426343
426600
426867
427131
427395
427645
427892
428142
428409
428672
428933
429199
429458
429717
429964
430211
430462
430733
430996
431255
431517
431768
432021
432273
432522
432773
433049
433316
433574
433833
434084
434338
434597
434851
435105
435382
435653
435911
436162
436414
436668
436926
437183
437443
437716
437983
438240
438486
438737
438992
439256
439516
439780
440051
440316
440570
440817
441069
441327
441597
441863
442123
442391
442652
442899
443141
443394
443651
443922
444183
444440
444707
444964
445213
445458
445717
445985
446259
446522
446777
447037
447290
447538
447787
448046
448319
448594
448855
449105
449364
449617
449868
450124
450387
450657
450931
451186
451430
451687
451938
452191
452453
452721
452993
453260
453514
453759
454021
454277
454533
454799
455065
455335
455591
455840
456087
456347
456606
456868
457133
457393
457656
457910
458156
458402
458667
458930
459189
459454
459711
459968
460220
460467
460715
460987
461255
461513
461775
462030
462282
462535
462786
463035
463307
463574
463834
464089
464338
464589
464845
465096
465350
465620
465889
466150
466396
466641
466890
467146
467398
467652
467920
468192
468447
468691
468939
469186
469444
469706
469969
470237
470510
470762
471006
471258
471509
471773
472041
472306
472569
472839
473091
473334
473586
473842
474075
474382
474645
474904
475168
475420
475661
475915
476175
476448
476714
476972
477225
477484
477732
477978
478235
478496
478767
479032
479285
479534
479794
480045
480296
480559
480824
481092
481354
481605
481851
482110
482362
482615
482881
483144
483412
483665
483912
484160
484420
484677
484934
485197
485460
485722
485970
486213
486462
486725
486984
487241
487504
487762
488020
488270
488515
488764
489034
489298
489557
489820
490074
490328
490576
490824
491074
491350
491618
491875
492133
492383
492639
492887
493136
493392
493669
493932
494187
494439
494683
494936
495189
495442
495702
495977
496239
496493
496743
496990
497241
497503
497763
498022
498295
498558
498809
499054
499302
499556
499823
500088
500346
500616
500879
501129
501368
501619
501876
502141
502403
502663
502926
503180
503426
503668
503920
504178
504449
504713
504974
505232
505491
505740
505985
506243
506504
506778
507045
507300
507551
507813
508065
508311
508577
508841
509111
509374
509625
509875
510136
510390
510642
510908
511144
511444
511698
511951
512202
512465
512724
512985
513252
513517
513781
514030
514275
514527
514789
515049
515310
515575
515834
516094
516341
516584
516838
517104
517369
517625
517889
518145
518399
518645
518888
519143
519412
519679
519935
520195
520447
520699
520946
521195
521456
521729
521996
522256
522512
522759
523013
523263
523514
523778
524051
524267
524565
524813
525056
525308
525556
525806
526066
526337
526592
526831
527073
527314
527561
527811
528068
528322
528588
528843
529086
529324
529562
529807
530054
530302
530550
530798
531050
531280
531504
531719
531935
532155
532383
532623
532869
533107
533358
533584
533815
534042
534279
534520
534770
535014
535254
535491
535736
535968
536199
536442
536694
536956
537219
537468
537706
537950
538197
538439
538681
538939
539197
539457
539707
539949
540193
540451
540706
540961
541230
541497
541771
542028
542279
542540
542808
543074
543343
543615
543887
544156
544412
544664
544933
545163
545476
545746
546015
546276
546534
546782
547029
547292
547558
547819
548083
548340
548599
548855
549108
549362
549640
549913
550179
550443
550695
550957
551214
551469
551738
552024
552296
552558
552822
553076
553338
553596
553858
554136
554416
554686
554944
555203
555465
555732
555999
556269
556555
556833
557093
557349
557607
557875
558146
558414
558686
558970
559233
559485
559738
559993
560262
560531
560801
561068
561341
561592
561837
562091
562344
562613
562885
563153
563411
563677
563929
564174
564428
564682
564950
565214
565467
565712
565955
566186
566421
566644
566895
567141
567397
567630
567874
568101
568347
568574
568811
569051
569302
569547
569799
570034
570257
570495
570734
570969
571202
571448
571687
571934
572177
572406
572629
572868
573116
573365
573612
573869
574121
574374
574620
574863
575113
575383
575650
575911
576175
576436
576693
576943
577193
577454
577731
578001
578267
578532
578789
579049
579302
579554
579827
580105
580334
580631
580885
581139
581397
581647
581898
582169
582444
582704
582956
583207
583458
583653
583974
584231
584515
584784
585045
585298
585553
585815
586080
586347
586619
586899
587165
587417
587670
587919
588182
588449
588716
588983
589261
589522
589768
590021
590273
590540
590815
591084
591357
591633
591893
592146
592410
592681
592962
593237
593509
593782
594046
594305
594564
594830
595113
595399
595672
595934
596158
596459
596712
596980
597248
597530
597807
598070
598324
598591
598848
599102
599371
599640
599916
600184
600441
600693
600965
601228
601492
601768
602039
602311
602568
602819
603075
603342
603533
603877
604145
604418
604683
604936
605187
605450
605726
606000
606266
606536
606801
607064
607314
607562
607839
608054
608385
608653
608921
609182
609445
609701
609963
610251
610527
610793
611059
611320
611584
611848
612114
612391
612672
612946
613206
613460
613719
613985
614248
614517
614803
615080
615344
615605
615864
616131
616404
616678
616956
617245
617511
617766
618027
618288
618559
618830
619102
619380
619651
619907
620158
620414
620680
620955
621227
621494
621771
622032
622284
622542
622805
623084
623363
623633
623905
624176
624431
624682
624946
625212
625492
625764
626029
626295
626562
626820
627076
627350
627629
627911
628183
628441
628705
628971
629233
629500
629776
630058
630339
630603
630858
631127
631394
631628
631941
632216
632496
632758
633013
633266
633536
633799
634067
634339
634606
634873
635130
635385
635646
635923
636197
636469
636746
637010
637273
637533
637788
638060
638343
638620
638888
639157
639424
639690
639950
640216
640497
640765
641020
641267
641506
641748
641990
642231
642473
642739
642993
643244
643486
643722
643960
644207
644456
644703
644965
645230
645484
645723
645966
646209
646461
646720
646984
647253
647530
647792
648043
648298
648561
648769
649110
649379
649666
649933
