197
489
803
1128
1430
1738
2039
2343
2640
2961
3278
3579
3886
4194
4494
4786
5101
5418
5725
6044
6342
6637
6934
7261
7578
7883
8195
8498
8801
9104
9422
9733
10041
10361
10669
10969
11275
11603
11935
12252
12573
12887
13195
13512
13844
14167
14479
14798
15102
15401
15717
16033
16360
16663
16973
17272
17565
17886
18516
18821
19143
19449
19749
20070
20395
20720
21033
21346
21652
21953
22285
22615
22941
23253
23567
23875
24182
24502
24828
25135
25454
25765
26065
26369
26695
27031
27355
27673
27983
28299
28620
28954
29283
29588
29902
30213
30522
30835
31159
31496
31813
32129
32438
32742
33072
33404
33726
34029
34336
34647
34952
35276
35604
35924
36242
36560
36867
37169
37497
37825
38135
38434
38734
39035
39336
39667
39986
40297
40616
40930
41241
41551
41875
42204
42522
42841
43141
43442
43759
44087
44411
44715
45032
45342
45648
45968
46301
46630
46945
47258
47561
47861
48187
48516
48847
49149
49454
49763
50066
50390
50697
51015
51320
51632
51939
52237
52555
52888
53208
53519
53820
54103
54430
54759
55079
55390
55702
56013
56315
56604
56921
57237
57550
57867
58170
58469
58772
59097
59416
59722
60036
60337
60641
60938
61252
61566
61873
62189
62488
62780
63073
63388
63707
64051
64321
64619
64920
65218
65534
65845
66153
66453
66754
67046
67330
67607
67938
68238
68524
68810
69092
69370
69665
69977
70284
70578
70879
71178
71466
71754
72063
72373
72675
72981
73282
73577
73863
74180
74488
74792
75081
75382
75670
75957
76270
76584
76891
77191
77489
77776
78059
78368
78678
78989
79292
79598
79895
80197
80513
80829
81142
81447
81756
82060
82361
82669
82992
83318
83634
83950
84257
84560
84887
85220
85539
85846
86157
86466
86768
87091
87413
87736
88040
88351
88651
88950
89269
89592
89909
90211
90515
90813
91112
91433
91749
92062
92363
92679
92977
93269
93589
93907
94218
94526
94829
95121
95412
95731
96051
96361
96667
96964
97265
97563
97883
98201
98521
98829
99135
99431
99720
100034
100364
100683
100987
101290
101600
101900
102222
102542
102863
103163
103474
103774
104067
104386
104711
105018
105317
105620
105920
106215
106536
106855
107171
107482
107803
108109
108406
108725
109045
109363
109669
109972
110267
110561
110885
111207
111519
111826
112130
112436
112747
113064
113379
113704
114021
114332
114629
114932
115259
115585
115890
116204
116508
116815
117108
117426
117744
118051
118363
118670
118969
119269
119588
119912
120218
120530
120835
121130
121423
121748
122066
122368
122678
122988
123293
123585
123899
124219
124524
124836
125138
125429
125720
126047
126370
126680
126981
127290
127593
127894
128218
128538
128846
129168
129474
129773
130070
130396
130718
131032
131347
131653
131962
132275
132602
132921
133231
133540
133846
134152
134456
134774
135100
135407
135717
136012
136314
136621
136949
137280
137590
137904
138212
138510
138812
139130
139454
139757
140067
140365
140662
140968
141292
141603
141904
142211
142514
142817
143123
143447
143769
144080
144398
144703
145005
145321
145646
145977
146291
146594
146891
147191
147514
147841
148158
148465
148775
149076
149369
149690
150012
150345
150655
150961
151269
151573
151898
152228
152549
152857
153169
153481
153784
154101
154424
154745
155062
155367
155670
155970
156295
156617
156930
157237
157539
157844
158153
158483
158807
159119
159446
159759
160063
160369
160699
161022
161334
161645
161940
162238
162543
162863
163188
163495
163811
164116
164422
164730
165057
165375
165684
165994
166298
166601
166914
167238
167567
167876
168186
168487
168796
169112
169423
169744
170054
170364
170669
170965
171279
171597
171924
172227
172528
172824
173116
173430
173755
174073
174373
174683
174989
175286
175594
175913
176235
176543
176858
177155
177440
177759
178083
178393
178686
178989
179285
179581
179887
180200
180517
180827
181140
181437
181732
182045
182369
182696
183008
183311
183614
183923
184241
184561
184881
185188
185496
185803
186094
186337
186720
187044
187342
187634
187920
188207
188504
188820
189126
189418
189724
190024
190323
190611
190947
191269
191578
191890
192206
192511
192822
193157
193486
193790
194096
194397
194707
195026
195345
195680
195996
196312
196618
196915
197237
197564
197860
198161
198486
198779
199071
199382
199692
199998
200295
200597
200890
201180
201485
201794
202105
202400
202699
202986
203281
203572
203888
204200
204495
204799
205097
205393
205680
205987
206299
206601
206908
207214
207512
207801
208113
208427
208734
209031
209330
209626
209920
210234
210542
210853
211151
211453
211748
212033
212347
212664
212976
213274
213575
213865
214151
214464
214780
215093
215388
215689
215988
216285
216580
216889
217200
217505
217804
218094
218381
218673
218983
219293
219587
219889
220179
220466
220749
221055
221364
221666
221958
222259
222553
222841
223148
223465
223774
224067
224361
224659
224947
225255
225573
225889
226188
226500
226803
227104
227420
227741
228061
228367
228685
228986
229283
229611
229943
230257
230561
230873
231181
231477
231799
232118
232441
232739
233049
233344
233640
233962
234292
234615
235133
235509
235815
236143
236466
236783
237088
237401
237701
238000
238324
238652
238975
239285
239595
239894
240196
240529
240851
241165
241479
241792
242091
242385
242702
243017
243336
243651
243953
244256
244559
244889
245515
245834
246141
246445
246751
247074
247391
247697
248022
248329
248625
248926
249249
249579
249895
250208
250508
250808
251113
251438
251752
252060
252371
252673
252973
253272
253581
253900
254214
254530
254830
255136
255443
255778
256088
256392
256705
257012
257313
257618
257938
258260
258883
259181
259473
259769
260093
260410
260712
261019
261322
261625
261941
262265
262586
262908
263226
263536
263841
264162
264818
265129
265436
265735
266032
266344
266659
266973
267277
267581
267879
268173
268480
268799
269128
269438
269749
270050
270352
270681
271015
271339
271646
271956
272256
272549
272864
273175
273485
273794
274107
274404
274699
275027
275353
275674
275968
276272
276571
276863
277177
277500
277812
278122
278421
278720
279011
279329
279647
279965
280267
280572
280860
281153
281477
281798
282113
282418
282730
283043
283341
283655
283976
284307
284615
284914
285214
285513
285836
286160
286476
286775
287081
287388
287680
287991
288300
288619
288926
289232
289532
289837
290164
290501
290829
291140
291459
291768
292081
292416
292744
293056
293380
293692
294005
294307
294635
294963
295273
295585
295892
296192
296506
296830
297153
297456
297766
298058
298358
298657
298974
299280
299585
299895
300195
300491
300788
301105
301424
301728
302035
302334
302636
302930
303244
303556
303858
304162
304458
304752
305041
305351
305671
305982
306283
306582
306883
307175
307497
307807
308121
308426
308735
309034
309330
309645
309963
310288
310603
310905
311201
311497
311818
312135
312440
312733
313039
313334
313629
313937
314245
314552
314852
315156
315447
315735
316048
316367
316688
316985
317287
317584
317876
318185
318490
318800
319093
319393
319679
319965
320253
320566
320883
321183
321511
321776
322071
322362
322680
322988
323285
323583
323884
324166
324444
324750
325058
325362
325656
325953
326237
326526
326841
327157
327470
327768
328064
328357
328656
328964
329276
329589
329903
330211
330505
330799
331103
331418
332027
332328
332616
332915
333209
333526
333839
334147
334456
334765
335075
335376
335697
336024
336338
336654
336961
337272
337580
337909
338236
338544
338852
339160
339460
339767
340088
340408
340712
341022
341316
341612
341910
342237
342554
342855
343161
343463
343755
344064
344384
344704
345011
345326
345624
345926
346227
346540
346849
347154
347454
347746
348041
348342
348655
348956
349250
349554
349847
350141
350425
350731
351040
351354
351653
351949
352244
352531
352853
353178
353491
353792
354098
354402
354699
355017
355338
355648
355956
356263
356565
356858
357183
357507
357828
358134
358443
358740
359036
359351
359663
359970
360273
360573
360864
361146
361457
361768
362083
362383
362688
362986
363283
363593
363910
364226
364528
364834
365133
365428
365733
366055
366384
366688
366994
367296
367596
367919
368249
368573
368880
369194
369507
369808
370128
370455
370772
371085
371394
371693
371990
372316
372638
372958
373267
373578
373882
374180
374505
374832
375145
375464
375776
376079
376371
376692
377011
377322
377635
377938
378236
378540
378863
379185
379492
379813
380119
380421
380724
381048
381371
381692
382004
382309
382614
382921
383248
383574
383881
384193
384501
384810
385123
385449
385780
386085
386403
386717
387026
387345
387669
387994
388308
388610
388914
389214
389538
389859
390176
390478
390789
391091
391383
391701
392024
392348
392661
392970
393270
393574
393904
394230
394550
394868
395183
395498
395808
396132
396454
396782
397106
397417
397727
398035
398365
398686
398994
399302
399604
399911
400224
400550
400876
401182
401500
401818
402128
402445
402786
403118
403432
403747
404052
404358
404691
405017
405342
405657
405976
406279
406574
406899
407221
407542
407854
408166
408466
408777
409106
409434
409747
410071
410382
410693
411003
411331
411651
411969
412285
412589
412887
413197
413527
413858
414166
414482
414792
415100
415409
415724
416047
416350
416665
416974
417273
417584
417908
418235
418541
418846
419151
419447
419772
420108
420440
420754
421077
421402
421717
422051
422387
422703
423026
423336
423639
423944
424274
424599
424907
425223
425533
425840
426153
426482
426815
427132
427457
427769
428074
428407
428747
429081
429407
429729
430052
430696
431028
431352
431681
432002
432319
432638
432971
433310
433626
433943
434250
434556
434876
435206
435531
435839
436157
436466
436768
437090
437420
437748
438062
438372
438675
438976
439305
439633
439948
440256
440570
440882
441196
441523
441849
442168
442492
442802
443104
443408
443739
444071
444390
444714
445022
445336
445655
445977
446300
446607
446917
447216
447509
447818
448136
448465
448770
449071
449372
449666
449970
450290
450602
450898
451203
451504
451801
452105
452424
452743
453058
453379
453686
453982
454303
454636
454954
455260
455573
455873
456173
456487
456807
457125
457435
457743
458043
458330
458646
458960
459277
459574
459868
460154
460447
460749
461061
461370
461668
461963
462260
462558
462851
463163
463475
463780
464081
464365
464649
464929
465236
465547
465848
466142
466445
466747
467037
467349
467664
467981
468286
468590
468883
469168
469480
469802
470116
470409
470712
471005
471291
471604
471915
472224
472522
472829
473120
473412
473712
474022
474334
474632
474927
475211
475500
475794
476100
476404
476699
477000
477294
477587
477871
478178
478491
478806
479103
479407
479705
480003
480327
480650
480963
481267
481575
481881
482176
482486
482801
483111
483410
483713
484007
484297
484614
484938
485258
485556
485862
486151
486443
486761
487076
487384
487685
487990
488287
488574
488886
489198
489514
489809
490096
490377
490665
490950
491248
491537
491816
492106
492419
492667
492936
493230
493521
493817
494100
494391
494669
494955
495241
495555
495869
496199
496465
497047
497328
497618
497915
498208
498485
498769
499040
499312
499594
499890
500175
500461
500740
501022
501297
501569
501867
502160
502446
502722
503013
503291
503567
503834
504129
504418
504713
504998
505280
505556
505830
506124
506422
506717
506995
507286
507563
507841
508114
508403
508692
508986
509269
509551
509822
510096
510379
510679
510978
511267
511559
511840
512126
512402
512702
512996
513296
513579
513871
514159
514442
514729
515037
515345
515638
515929
516222
516510
516802
517121
517430
517732
518036
518335
518627
518911
519219
519522
519833
520136
520431
520720
521002
521311
521613
521903
522185
522475
522755
523038
523316
523610
523905
524206
524500
524791
525075
525359
525655
525964
526272
526563
526851
527149
527443
527746
528063
528382
528682
528993
529293
529587
529883
530200
530518
530818
531113
531405
531700
532005
532322
532637
532936
533245
533545
533841
534134
534449
534756
535057
535366
535661
535950
536238
536542
536847
537150
537447
537735
538029
538325
538641
538959
539279
539590
539899
540199
540498
540812
541137
541457
541764
542070
542381
542680
543002
543324
543641
543948
544254
544549
544842
545158
545484
545797
546102
546405
546696
546986
547308
547626
547938
548238
548545
548841
549132
549446
549767
550071
550371
550678
550973
551264
551592
551913
552231
552536
552850
553147
553434
553746
554059
554371
554677
554978
555263
555545
555851
556158
556462
556752
557046
557331
557623
557917
558221
558526
558828
559134
559434
559728
560025
560341
560660
560963
561267
561564
561852
562136
562454
562764
563068
563360
563662
563954
564244
564551
564867
565179
565477
565772
566056
566336
566645
566953
567263
567556
567856
568146
568443
568736
569047
569358
569660
569966
570262
570553
570849
571161
571476
571775
572083
572384
572686
572980
573291
573600
573903
574195
574491
574784
575069
575381
575701
576010
576306
576606
576902
577191
577506
577819
578131
578429
578737
579034
579321
579630
579948
580267
580570
580875
581172
581463
581778
582094
582403
582696
583001
583294
583584
583883
584195
584504
584809
585111
585394
585687
585970
586267
586572
586869
587167
587445
587730
588012
588311
588608
588905
589185
589472
589754
590026
590304
590600
590899
591194
591485
591768
592050
592328
592627
592932
593232
593516
593806
594095
594375
594661
594963
595267
595553
595850
596140
596426
596710
597025
597339
597647
597946
598245
598536
598827
599145
599464
599775
600080
600377
600675
600963
601272
601585
601901
602199
602497
602784
603077
603392
603706
604022
604323
604627
604925
605211
605517
605828
606149
606449
606749
607043
607338
607647
607975
608288
608587
608898
609205
609501
609802
610122
610439
610747
611052
611343
611638
611947
612269
612591
612889
613195
613487
613784
614086
614396
614703
615001
615304
615602
615895
616190
616509
616829
617134
617443
617740
618040
618335
618651
618961
619264
619563
619858
620151
620439
620742
621054
621356
621649
621931
622216
622494
622788
623094
623394
623674
623967
624251
624532
624800
625089
625662
625933
626206
626472
626736
627005
627297
627578
627861
628136
628416
628689
628963
629252
629539
629824
630097
630362
630655
630917
631177
631462
631748
632008
632314
632591
632860
633111
633403
633686
633970
634245
634514
634782
635048
635318
635576
635853
636137
636429
636703
636985
637258
637538
638397
638708
638993
639267
639571
639829
640144
640446
640749
641038
641314
641592
641898
642181
642486
642785
643068
643357
643638
643915
644189
644487
644782
645067
645347
645651
645938
646215
646505
646809
647117
647412
647708
647993
648279
648564
648857
649148
649440
649723
