171
583
967
1327
1705
2094
2511
2873
3252
3647
4017
4352
4700
5085
5453
5774
6153
6585
6978
7330
7731
8118
8452
8644
9048
9453
9830
10197
10578
10990
11384
11743
12120
12495
12874
13239
13610
13982
14366
14700
15052
15461
15836
16165
16523
16902
17291
17648
18014
18395
18774
19114
19513
19923
20314
20666
21027
21389
21772
22141
22499
22903
23258
23626
24035
24442
24793
25133
25517
25898
26255
26638
27029
27396
27721
28122
28528
28915
29298
29682
30051
30416
30779
31137
31506
31860
32226
32616
33003
33343
33708
34092
34482
34861
35232
35628
36009
36341
36707
37114
37505
37856
38213
38572
38964
39327
39688
40085
40460
40797
41191
41589
41945
42288
42674
43022
43393
43758
44114
44471
44799
45151
45552
45970
46334
46703
47082
47471
47842
48213
48610
48991
49320
49695
50106
50493
50844
51194
51545
51939
52301
52679
53083
53471
53851
54259
54663
55020
55398
55768
56186
56565
56937
57315
57688
58006
58381
58791
59171
59516
59874
60237
60600
60931
61304
61679
62041
62361
62773
63181
63552
63900
64258
64639
65043
65418
65791
66177
66550
66883
67218
67591
67998
68313
68594
68881
69219
69536
69867
70320
70770
71167
71623
72046
72475
72868
73253
73674
74106
74495
74846
75217
75635
76041
76397
76785
77165
77524
77872
78227
78597
78973
79343
79680
80071
80483
80865
81178
81494
81850
82267
82658
83036
83433
83805
84157
84535
84911
85289
85630
85985
86375
86798
87157
87503
87857
88180
88560
88981
89397
89758
90139
90523
90923
91275
91634
92033
92413
92759
93148
93567
93954
94318
94687
95084
95482
95839
96219
96602
96985
97361
97723
98088
98459
98799
99147
99581
99986
100354
100741
101130
101511
101853
102201
102563
102929
103252
103595
104013
104417
104797
105172
105550
105951
106314
106672
107062
107438
107760
108125
108536
108933
109283
109642
110024
110425
110797
111118
111473
111826
112147
112551
112973
113365
113718
114085
114473
114847
115217
115597
115971
116304
116682
117063
117435
117787
118144
118513
118924
119304
119668
120061
120452
120794
121146
121537
121947
122322
122716
123126
123551
123925
124309
124696
125081
125472
125869
126255
126643
126998
127361
127790
128172
128507
128854
129218
129602
129958
130330
130707
131077
131397
131768
132158
132521
132882
133234
133618
134027
134395
134741
135123
135522
135842
136188
136586
136994
137369
137753
138145
138535
138896
139274
139661
140006
140366
140744
141133
141520
141876
142053
142410
142785
143136
143454
143812
144211
144591
145006
145419
145809
146167
146529
146714
147134
147504
147880
148277
148640
148986
149376
149787
150159
150509
150882
151297
151689
152033
152405
152768
153127
153502
153881
154259
154644
154988
155327
155741
156141
156486
156859
157239
157611
158011
158422
158806
159128
159490
159912
160320
160677
161062
161434
161811
162194
162587
162968
163339
163680
164035
164444
164836
165186
165545
165927
166337
166698
167061
167444
167821
168143
168534
168943
169315
169668
170032
170382
170759
171119
171477
171848
172226
172573
172958
173336
173711
174041
174386
174745
175142
175509
175874
176265
176626
176938
177314
177715
178102
178442
178801
179182
179579
179941
180306
180670
181021
181373
181739
182113
182481
182840
183022
183388
183801
184194
184549
184916
185294
185643
185981
186330
186717
187060
187402
187774
188206
188572
188934
189318
189685
190050
190420
190804
191175
191508
191848
192237
192634
192973
193329
193686
194045
194424
194794
195179
195562
195925
196275
196701
197098
197425
197795
198181
198546
198939
199344
199720
200053
200376
200707
201128
201505
201899
202291
202651
203006
203396
203778
204160
204522
204869
205270
205667
206017
206350
206706
207057
207404
207766
208142
208528
208859
209164
209574
209976
210334
210702
211086
211456
211830
212235
212612
212997
213363
213711
214095
214488
214865
215195
215552
215949
216357
216710
217087
217479
217821
218175
218552
218921
219273
219593
219943
220334
220704
221040
221398
221757
222084
222453
222848
223224
223615
223973
224339
224751
225148
225485
225853
226228
226591
226966
227350
227724
228073
228387
228703
229092
229490
229848
230215
230581
230934
231301
231690
232063
232413
232766
233125
233539
233917
234270
234643
235008
235398
235754
236109
236488
236870
237208
237608
238028
238386
238722
239068
239424
239822
240199
240578
240945
241293
241602
241962
242313
242679
243039
243381
243712
244083
244436
244779
245164
245551
245881
246263
246666
247052
247395
247747
248106
248503
248863
249198
249562
249944
250296
250700
251099
251471
251812
252165
252529
252939
253315
253676
254034
254373
254683
254978
255259
255551
255849
256122
256384
256662
257149
257594
257933
258230
258519
258791
259227
259636
260009
260377
260773
261170
261576
261977
262370
262705
263004
263322
263686
264062
264437
264819
265178
265500
265844
266169
266518
266904
267292
267634
267959
268260
268540
268814
269082
269348
269589
269878
270249
270604
270944
271360
271752
272181
272610
273007
273412
273817
274198
274578
274936
275307
275686
276046
276458
276874
277273
277651
277973
278284
278695
279095
279451
279859
280262
280654
281045
281420
281782
282142
282483
282798
283130
283526
283927
284297
284663
285067
285488
285876
286237
286585
286938
287335
287708
288071
288450
288828
289161
289491
289858
290242
290614
290941
291276
291701
292097
292433
292777
293139
293486
293846
294212
294572
294943
295289
295629
295994
296361
296707
297039
297384
297749
298111
298429
298773
299199
299598
299954
300389
300834
301218
301535
301876
302271
302692
303058
303429
303819
304192
304619
305028
305421
305769
306086
306439
306878
307265
307642
308042
308435
308828
309259
309676
310058
310399
310740
311144
311544
311916
312255
312597
312959
313377
313732
314065
314452
314834
315189
315586
315996
316364
316692
317047
317428
317790
318122
318474
318837
319164
319521
319922
320297
320632
320975
321320
321658
322001
322354
322701
323066
323380
323687
324030
324374
324698
325068
325443
325797
326159
326549
326933
327330
327676
327993
328388
328815
329189
329548
329940
330316
330668
331042
331431
331770
332082
332406
332783
333107
333433
333858
334261
334626
335044
335428
335757
336064
336399
336760
337116
337487
337867
338226
338550
338897
339306
339688
340013
340328
340654
340988
341331
341686
342035
342417
342757
343092
343502
343898
344234
344562
344889
345227
345572
345916
346280
346679
347016
347336
347732
348090
348393
348711
349084
349446
349792
350198
350585
350935
351244
351552
351927
352356
352734
353114
353485
353813
354141
354470
354789
355097
355392
355661
355917
356215
356562
356973
357357
357753
358156
358557
358984
359384
359779
360134
360527
360931
361303
361640
361959
362303
362681
363089
363466
363820
364209
364555
364909
365211
365495
365796
366138
366414
366682
366983
367476
367902
368333
368751
369156
369589
369979
370372
370766
371162
371577
371965
372368
372764
373143
373522
373945
374345
374714
375053
375379
375782
376189
376521
376897
377302
377683
378031
378378
378731
379107
379459
379810
380247
380640
380994
381350
381730
382113
382508
382893
383278
383674
384028
384395
384789
385182
385554
385907
386269
386663
387024
387353
387749
388132
388482
388863
389237
389629
389984
390327
390700
391117
391487
391795
392153
392525
392893
393288
393678
394047
394360
394691
395047
395461
395811
396181
396575
396936
397293
397670
398052
398392
398698
399045
399438
399841
400203
400575
400943
401267
401651
402056
402433
402787
403167
403530
403915
404288
404660
405041
405395
405710
406083
406492
406901
407282
407672
408063
408481
408881
409281
409634
409979
410390
410759
411122
411471
411814
412109
412474
412867
413233
413563
413904
414241
414576
414892
415198
415501
415810
416091
416387
416729
417106
417432
417743
418078
418433
418739
419054
419381
419711
420004
420295
420619
421000
421388
421788
422175
422531
422911
423333
423709
424073
424469
424827
425189
425598
425977
426331
426704
427074
427400
427766
428199
428605
429004
429380
429810
430228
430615
431022
431430
431823
432272
432663
433026
433421
433817
434211
434600
434971
435316
435698
436089
436472
436837
437199
437570
437930
438332
438704
439063
439400
439737
440051
440407
440839
441241
441612
441975
442295
442618
442955
443298
443595
443897
444222
444567
444921
445255
445590
445924
446244
446542
446859
447211
447523
447798
448073
448358
448764
449177
449555
449931
450298
450623
450911
451235
451667
452053
452355
452657
452992
453365
453770
454135
454471
454846
455213
455520
455836
456181
456538
456903
457077
457418
457785
458150
458473
458793
459142
459472
459766
460093
460438
460794
461131
461471
461833
462232
462581
462946
463338
463723
464084
464520
464921
465286
465669
466051
466439
466856
467249
467605
467990
468377
468756
469161
469564
469911
470221
470614
471058
471422
471728
472069
472432
472800
473171
473548
473927
474270
474593
474940
475318
475669
476037
476412
476757
477062
477432
477807
478142
478467
478815
479195
479588
479959
480326
480699
481050
481220
481615
482034
482408
482745
483128
483504
483858
484235
484572
484913
485217
485520
485881
486247
486560
486880
487209
487530
487815
488138
488483
488777
489055
489380
489764
490150
490500
490889
491276
491611
491939
492298
492683
493017
493376
493739
494079
494438
494820
495174
495511
495853
496175
496490
496880
497233
497558
497932
498287
498616
499009
499404
499762
500112
500469
500804
501187
501572
501937
502275
502630
502987
503336
503692
504053
504411
504779
505152
505528
505893
506270
506620
506953
507316
507719
508087
508449
508825
509161
509511
509899
510262
510640
510986
511362
511758
512120
512474
512841
513184
513486
513837
514265
514604
514927
515272
515631
515922
516237
516576
516908
517210
517552
517897
518252
518605
518960
519285
519589
519935
520261
520625
520978
521328
521646
521936
522214
522539
522861
523225
523604
523945
524256
524601
524996
525350
525673
526002
526319
526599
526925
527262
527609
527901
528182
528444
528690
528931
529207
529664
530051
530389
530756
531151
531544
531883
532230
532591
532954
533350
533773
534163
534538
534909
535277
535636
536013
536391
536787
537149
537507
537891
538221
538556
538928
539289
539634
540057
540437
540790
541146
541463
541745
542108
542492
542803
543105
543438
543790
544102
544462
544832
545132
545428
545751
546139
546554
546954
547340
547691
548055
548427
548838
549205
549529
549888
550254
550619
551017
551370
551673
552001
552355
552670
553009
553420
553817
554200
554583
554969
555344
555708
556041
556356
556664
556959
557281
557613
557952
558263
558590
558952
559290
559613
559957
560271
560574
560972
561363
561739
562100
562459
562785
563134
563481
563808
564136
564436
564763
565064
565389
565754
566143
566491
566828
567161
567488
567771
568085
568403
568722
569035
569312
569588
569950
570370
570712
571007
571304
571639
571938
572246
572611
572998
573357
573657
573949
574270
574648
574971
575275
575634
576000
576350
576707
577062
577399
577726
578013
578290
578575
578938
579314
579639
579971
580324
580683
581041
581387
581744
582108
582420
582726
583095
583457
583783
584100
584453
584830
585155
585498
585855
586224
586599
586962
587352
587762
588157
588519
588883
589245
589623
590009
590404
590810
591190
591592
592013
592415
592805
593194
593552
593967
594369
594761
595139
595488
595855
596268
596637
596996
597400
597762
598088
598449
598829
599160
599449
599758
600150
600552
600901
601258
601651
602013
602358
602736
603096
603420
603744
604091
604419
604780
605156
605532
605906
606243
606608
607024
607393
607755
608119
608467
608761
609081
609423
609749
610044
610338
610625
610925
611224
611509
611777
612038
612355
612636
612940
613301
613700
614042
614327
614634
614959
615305
615674
615994
616338
616706
617078
617406
617804
618183
618526
618867
619221
619603
620013
620419
620807
621183
621567
621954
622343
622689
623028
623376
623742
624090
624459
624836
625163
625489
625845
626262
626643
626971
627308
627595
627863
628110
628386
628885
629279
629674
630078
630480
630827
631166
631556
631934
632276
632559
632929
633346
633745
634100
634442
634809
635193
635548
635863
636205
636585
636962
637327
637702
638071
638427
638741
639074
639474
639859
640181
640510
640850
641217
641628
641960
642271
642609
642928
643222
643583
643982
644346
644683
645051
645423
645806
646187
646577
646921
647216
647502
647808
648143
648593
649009
649365
649675
649994
