300
757
1130
1583
1995
2347
2727
3149
3555
3947
4337
4713
5124
5531
5922
6313
6695
6812
7075
7491
7890
8280
8662
9046
9459
9881
10280
10683
11094
11501
11930
12347
12741
13142
13535
13941
14365
14753
15142
15525
15943
16346
16751
17136
17516
17915
18310
18708
19100
19464
19827
20229
20617
21008
21386
21755
22125
22531
22922
23316
23690
24063
24454
24856
25243
25634
26004
26363
26765
27154
27534
27918
28281
28651
29050
29440
29820
30198
30559
30754
32478
33232
33634
34006
34389
34768
35132
35535
35935
36319
36705
37076
37474
37879
38271
38662
39051
39428
39837
40239
40634
41012
41400
41809
42213
42615
43004
43398
43796
44205
44614
45015
45396
45595
46599
46995
47389
47771
48171
48573
48971
49363
49747
50117
50529
50924
51312
51708
52082
52481
52886
53290
53682
54073
54444
54857
55262
55646
56040
56418
56796
57208
57596
57975
58362
58721
59127
59530
59913
60297
60681
61062
61474
61875
62263
62652
63032
63436
63850
64243
64627
65028
65414
65827
66239
66618
67012
67388
67793
68209
68592
68979
69364
69589
70541
70921
71297
71652
72057
72443
72838
73216
73594
73971
74380
74780
75185
75575
75948
76374
76781
77181
77583
77962
78351
78765
79161
79561
79936
80307
80500
81096
81479
81863
82986
83375
83741
84059
84117
84479
84851
85126
85252
85639
86018
86402
86768
87122
87583
87976
88374
88754
88941
89332
89895
90285
90683
90911
91449
91860
92257
92646
92951
93416
93827
94246
94635
94860
95810
96220
96615
96998
97392
97765
98174
98577
98966
99348
99724
100129
100516
100931
101320
101706
102095
102507
102912
103313
103659
104045
104507
104911
105306
105504
107269
107494
108816
109395
110320
112190
112548
112903
113297
113669
114044
114418
114786
115163
115569
115942
116320
116689
117052
117441
117838
118219
118599
118987
119359
119769
120177
120554
120934
121304
121691
122084
122274
131003
132951
133951
140594
145546
147510
149523
151578
151965
152358
154986
160244
164335
168905
171207
177062
179082
183452
185313
186014
193358
200171
203112
205024
205597
215682
228422
236911
239429
241884
242212
244351
244723
245473
245846
246203
246940
251963
252139
252320
252493
252933
257021
258504
258864
259576
259954
262200
262589
262967
263593
264855
265582
268213
268514
270518
270917
271135
271683
272056
272413
272804
273188
273565
273932
274294
275003
275374
275732
276084
276421
276748
277115
277481
277815
278155
278493
278825
279157
279519
279875
280220
280554
280895
281220
281591
281951
282288
282635
282984
283316
283684
284063
284420
284774
285129
285467
285830
286210
286558
286915
287260
287599
287962
288339
288690
289034
289374
289707
290062
290426
290781
291132
291470
291816
292173
292532
292911
293258
293603
293954
294312
294678
295047
295405
295751
296094
296364
296836
297215
297583
297937
298296
298653
299045
299413
299779
300132
300484
300856
301246
301527
301993
302349
302701
303080
303469
303830
304209
304562
304910
305135
305672
306032
306401
306752
307093
307473
307852
308206
309250
309612
309984
310690
311368
311741
312118
312467
312825
313176
313514
313881
314262
314628
314985
315675
316053
316422
316783
317138
317835
318194
318563
318920
319262
319606
319935
320291
320661
321018
321359
321697
322038
322376
322739
323097
323444
323781
324112
324463
324816
325177
325513
325858
326197
326528
326899
327250
327589
327943
328274
328604
328982
329349
329703
330057
330406
330741
331122
331494
331847
332190
332533
332862
333211
333582
333934
334277
334622
334967
335303
335678
336033
336377
336720
337057
337392
337772
338130
338475
338822
339168
339501
339870
340237
340567
340911
341245
341564
341910
342271
342618
342947
343283
343627
343965
344339
344700
345037
345379
345722
346065
346421
346789
347130
347474
347815
348140
348503
348878
349227
349575
349917
350258
350628
350985
351342
351683
352025
352346
352703
353065
353415
353762
354088
354268
354759
355044
355443
355961
356432
362112
363867
365207
366256
366592
367315
369358
369686
370046
370392
370737
371068
371405
371728
372055
372400
372748
373443
373729
374038
374386
374722
375062
375426
375712
376042
376377
376727
377085
377432
377768
378102
378425
378774
379118
379515
379804
380125
380456
380844
381149
381506
381840
382164
382504
382855
383199
383549
383892
384214
384552
384921
385228
385588
385906
386267
386595
386910
387279
387625
387972
388309
388655
388977
389328
389734
390038
390381
390718
391046
391368
391780
392085
392415
392743
393086
393396
393760
394118
394451
394799
395138
395467
395826
396191
396588
396888
397215
397592
397875
398223
398624
398906
399280
399570
399883
400227
400579
400932
401031
401286
401568
401941
402221
402555
402951
403237
403562
403889
404222
404567
404926
405272
405600
405938
406265
406636
406937
407284
407623
407946
408268
408944
409275
409618
409954
410276
410599
410941
411284
411617
411950
412262
412585
412901
413263
413605
413949
414294
414618
414936
415304
415662
415995
416349
416673
416999
417324
417687
418021
418358
418692
419021
419336
419722
420047
420377
420711
421042
421360
421695
422041
422390
422711
423050
423373
423683
424031
424381
424716
425047
425383
425708
426046
426407
426766
427100
427440
427775
428101
428453
428801
429140
429469
429804
430123
430466
430819
431163
431494
431821
432148
432479
432826
433169
433509
433833
434166
434492
434833
435209
435513
435880
436165
436487
436810
437149
437488
437815
438133
438449
438767
439109
439454
439790
440125
440452
440775
441113
441473
441816
442165
442497
442841
443182
443542
443893
444277
444577
444906
445219
445573
446586
446909
447322
447542
447892
448224
448544
448861
449165
449470
450125
450439
451348
451631
451929
452272
452587
452886
453194
453496
453798
454453
455090
455398
455713
456009
456338
456677
457006
457317
457625
457939
458249
458574
458916
459246
459552
459861
460175
460812
461784
462089
462409
462732
463055
463401
464026
464339
464647
464979
465298
465628
465938
466237
466536
466840
467162
467477
467814
468118
468419
468724
469016
469348
469664
469990
470300
470595
470902
471197
471525
471856
472180
472492
472801
473110
473421
473762
474092
474422
474756
475061
475377
475711
476052
476392
476721
477040
477353
477659
477996
478336
478661
478982
479300
479607
479913
480254
480587
480901
481222
481541
482149
482479
482809
483126
483439
483754
484052
484707
485033
485339
485648
485959
486251
486575
486907
487235
487538
488156
488452
488785
489112
489442
489752
490056
490370
490669
490998
491315
491643
491953
492253
492567
492867
493186
493565
493842
494445
494764
495068
495382
495713
496025
496342
496637
496954
497264
497589
497928
498247
498557
498855
499161
499483
499797
500425
500528
500728
501028
501325
501640
501960
502272
502572
502880
503189
503485
503815
504131
504449
504751
505070
505372
505677
506006
506661
506969
507285
507585
507881
508217
508536
508855
509163
509480
509780
510075
510430
510766
511090
511419
511738
512053
512365
512723
513061
513381
513709
514040
514341
515963
516571
516887
517529
518122
518718
519035
519368
519687
519989
520289
520602
520905
521227
521564
521884
522189
522494
522806
523431
523765
524073
524386
524693
524999
525310
525635
525965
526277
528208
528528
528837
529149
529447
529774
530133
530419
530727
531069
531624
531951
532276
532644
532961
533256
533522
533814
534145
534483
534808
535129
535441
535744
536054
536389
536722
537036
537369
537672
537987
538305
538646
538976
539311
539639
539954
540292
540590
540935
541266
541595
541955
542231
542543
542884
543224
543532
543868
544179
544483
544811
545192
545483
545800
546116
546423
546756
547051
547378
547697
547991
548291
548595
549197
549876
550134
550435
550744
551039
551354
551683
552126
552339
552645
552964
553271
553600
553931
554258
554568
554868
555184
555480
555800
556125
556439
556746
557049
557355
557653
557974
558289
558601
558912
559199
559510
559805
560112
560427
560729
561038
561324
561623
561916
562219
562532
562833
563126
563415
563702
563985
564291
564587
564891
565187
565480
565769
566059
566361
566674
566986
567285
567879
568169
568472
568793
569106
569414
569736
570037
570337
570639
570979
571291
571590
571890
572191
572476
572769
573104
573418
573716
574030
574334
574629
574928
575268
575526
575888
576217
576526
576827
577117
577451
577723
578061
578366
578658
578990
579542
579864
580157
580365
580703
580996
581262
581558
581870
582163
582447
582722
583004
583337
583626
583881
584196
584494
584783
585075
585408
585473
585972
586284
586598
586887
587179
587472
587762
588063
588372
588688
588996
589299
589604
589906
590238
590563
590903
591532
591850
592166
592494
592824
593143
593456
593755
594066
594371
594688
594998
595317
595629
595936
596245
596552
596883
597211
597529
597846
598138
598433
598733
599059
599368
599675
599966
600256
600545
600826
601147
601452
601758
602055
602354
602653
602938
603275
603606
603917
604242
604555
604856
605160
605515
606147
606471
606780
607081
607392
607726
608063
608373
608696
609010
609299
609625
610569
610882
611226
611798
612445
613093
613355
613643
614011
614289
614612
614913
615215
615518
615805
616130
616452
616780
617080
617375
617688
617976
618284
618605
618962
619222
619513
619811
620091
620390
620693
621008
621299
621589
621881
622187
622483
622805
623114
623422
623722
624014
624312
624601
624909
625218
625522
625821
626115
626410
626701
627011
627314
627625
627924
628210
628507
628789
629090
629406
629706
630001
630291
630572
630855
631153
631455
631760
632040
632340
632627
632904
633209
633514
633820
634126
634421
634718
635010
635288
635605
635916
636221
636516
636818
637115
637397
637648
638044
638376
638687
639007
639314
639606
639942
640258
640850
641436
641989
642308
642604
642880
643157
643436
643712
643971
644273
644568
644851
645122
645669
645939
646207
646499
647070
647351
647611
647923
648144
648418
648706
648991
649257
649555
649779
649975
