162
518
850
1211
1630
1977
2327
2699
3066
3406
3738
4114
4489
4823
5180
5520
5845
6161
6498
6858
7181
7496
7837
8185
8518
8831
9164
9498
9841
10158
10492
10829
11159
11474
11790
12113
12429
12736
13087
13423
13734
14088
14470
14809
15191
15600
15964
16318
16695
17072
17426
17787
18163
18518
18864
19217
19568
19883
20203
20539
20875
21175
21488
21833
22169
22519
22879
23219
23542
23872
24236
24566
24917
25286
25660
26012
26374
26733
27069
27383
27709
28036
28355
28665
28987
29353
29673
30003
30353
30694
31031
31381
31767
32109
32451
32797
33145
33472
33811
34161
34510
34828
35197
35542
35866
36233
36609
36924
37251
37633
38010
38334
38702
39097
39435
39773
40136
40502
40822
41156
41514
41843
42146
42464
42809
43134
43453
43801
44155
44477
44821
45190
45524
45861
46244
46607
46924
47236
47565
47877
48192
48522
48860
49191
49538
49892
50224
50545
50915
51273
51600
51946
52315
52642
52953
53285
53612
53914
54224
54557
54885
55196
55526
55926
56280
56613
56984
57330
57638
57982
58380
58726
59067
59430
59782
60091
60429
60778
61125
61439
61774
62143
62476
62779
63134
63514
63846
64188
64567
64925
65239
65549
65863
66178
66477
66794
67139
67465
67800
68232
68602
68975
69356
69738
70095
70471
70841
71194
71568
71938
72307
72658
73017
73380
73725
74078
74435
74798
75133
75469
75833
76194
76527
76867
77234
77588
77911
78233
78563
78875
79191
79506
79829
80145
80486
80843
81197
81517
81853
82173
82477
82794
83110
83407
83707
84022
84323
84613
84913
85225
85533
85875
86234
86580
86957
87320
87654
88006
88332
88637
88937
89257
89614
89960
90305
90700
91100
91466
91835
92216
92571
92895
93260
93633
93973
94290
94652
95011
95332
95664
96011
96334
96639
96980
97349
97679
98039
98412
98728
99038
99373
99701
100009
100328
100664
100987
101338
101731
102086
102417
102775
103155
103500
103840
104198
104532
104850
105189
105574
105957
106306
106649
106987
107301
107618
107926
108262
108589
108921
109284
109654
109991
110355
110742
111112
111445
111800
112186
112537
112860
113200
113555
113882
114203
114543
114878
115198
115532
115873
116198
116527
116890
117262
117587
117926
118310
118637
118966
119308
119661
119983
120314
120660
121018
121335
121684
122040
122359
122666
123002
123354
123674
123995
124379
124754
125083
125423
125765
126097
126397
126732
127129
127471
127788
128135
128502
128815
129132
129480
129822
130128
130447
130793
131112
131414
131739
132083
132407
132713
133044
133418
133778
134105
134491
134861
135190
135530
135898
136227
136528
136855
137211
137528
137841
138202
138584
138914
139261
139661
140004
140317
140672
141056
141390
141695
142048
142416
142773
143111
143482
143881
144233
144556
144915
145260
145578
145888
146224
146569
146884
147207
147560
147938
148278
148651
149034
149367
149681
150003
150332
150638
150954
151288
151630
151938
152250
152583
152921
153225
153563
153936
154295
154626
154965
155297
155607
155908
156236
156590
156911
157215
157542
157852
158148
158449
158801
159151
159474
159865
160258
160588
160928
161286
161619
161934
162252
162589
162917
163218
163524
163858
164168
164481
164810
165183
165539
165854
166175
166508
166824
167129
167423
167714
168013
168321
168624
168933
169235
169678
170095
170461
170826
171200
171580
171938
172315
172689
173054
173411
173774
174131
174452
174789
175174
175526
175854
176224
176592
176918
177240
177591
177944
178290
178605
178957
179329
179708
180032
180354
180689
181026
181331
181645
181994
182350
182669
183005
183379
183733
184041
184383
184760
185096
185413
185749
186082
186387
186701
187029
187350
187661
187988
188336
188686
189007
189360
189763
190121
190472
190824
191167
191483
191819
192173
192506
192834
193164
193523
193865
194216
194572
194916
195241
195579
195913
196240
196555
196873
197208
197535
197848
198185
198531
198889
199214
199557
199924
200256
200578
200908
201223
201539
201874
202232
202569
202909
203287
203626
203944
204282
204628
204963
205287
205635
205987
206296
206625
206960
207279
207588
207919
208292
208620
208927
209299
209677
210004
210323
210675
211020
211334
211655
211991
212311
212612
212922
213256
213584
213883
214201
214550
214870
215169
215482
215808
216121
216418
216722
217090
217413
217714
218040
218373
218691
218989
219308
219671
220007
220311
220631
220977
221290
221590
221931
222294
222610
222912
223231
223614
223952
224300
224683
225032
225338
225683
226038
226367
226676
227001
227359
227678
227984
228303
228615
228923
229232
229565
229882
230197
230498
230791
231083
231410
231739
232040
232344
232682
232998
233300
233623
233973
234301
234604
234934
235302
235632
235938
236293
236662
236991
237300
237656
238001
238310
238632
238984
239321
239629
239953
240310
240630
240933
241262
241609
241934
242236
242549
242910
243236
243541
243875
244203
244513
244809
245126
245471
245784
246076
246395
246706
247017
247305
247616
247940
248247
248545
248865
249209
249529
249835
250178
250541
250863
251199
251539
251880
252197
252511
252867
253227
253543
253911
254292
254627
254947
255271
255626
255940
256274
256679
257065
257402
257742
258109
258429
258734
259048
259366
259679
260005
260335
260664
260989
261337
261730
262080
262416
262742
263055
263367
263684
263992
264306
264604
264915
265244
265564
265873
266187
266493
266788
267081
267402
267752
268067
268416
268843
269203
269554
269924
270277
270594
270928
271292
271624
271930
272275
272664
273016
273335
273683
274052
274386
274708
275048
275419
275747
276067
276415
276763
277073
277411
277771
278113
278427
278759
279107
279411
279704
280006
280322
280621
280912
281224
281559
281864
282153
282470
282805
283121
283418
283749
284126
284444
284771
285105
285427
285730
286042
286360
286677
286979
287280
287623
287946
288257
288575
288906
289231
289535
289898
290292
290649
290999
291350
291706
292022
292347
292701
293058
293388
293739
294121
294474
294793
295142
295495
295836
296144
296461
296813
297133
297434
297758
298110
298462
298776
299115
299466
299780
300088
300411
300744
301062
301378
301709
302053
302367
302692
303090
303469
303806
304137
304474
304807
305110
305452
305811
306159
306469
306792
307136
307491
307800
308125
308459
308799
309108
309418
309763
310089
310387
310711
311044
311368
311670
311970
312280
312596
312887
313187
313513
313867
314184
314543
314992
315361
315739
316122
316499
316847
317206
317579
317917
318247
318597
318946
319260
319581
319944
320294
320610
320967
321343
321694
322003
322345
322735
323073
323399
323765
324120
324438
324736
325076
325412
325715
326014
326319
326628
326925
327218
327539
327928
328258
328634
329039
329409
329730
330075
330459
330775
331088
331423
331755
332063
332393
332741
333079
333386
333707
334034
334356
334670
335002
335391
335729
336045
336375
336711
337031
337338
337687
338050
338371
338679
339024
339378
339706
340017
340381
340773
341100
341412
341731
342042
342353
342669
343026
343382
343694
344043
344460
344821
345156
345531
345911
346231
346554
346884
347228
347542
347872
348219
348574
348888
349214
349596
349979
350303
350632
350966
351279
351571
351893
352219
352536
352829
353148
353483
353812
354113
354440
354795
355148
355458
355790
356140
356449
356742
357048
357356
357662
357953
358250
358551
358855
359146
359444
359762
360086
360392
360709
361044
361379
361692
362029
362438
362793
363130
363479
363809
364111
364435
364791
365106
365420
365742
366083
366403
366709
367028
367365
367682
367988
368302
368629
368974
369286
369602
369927
370248
370554
370872
371196
371524
371835
372189
372533
372865
373186
373509
373837
374182
374491
374815
375163
375552
375895
376254
376633
376968
377272
377592
377935
378273
378587
378894
379208
379518
379813
380121
380437
380748
381046
381359
381697
382026
382327
382634
382956
383268
383569
383876
384177
384478
384777
385064
385375
385671
385994
386324
386678
387028
387398
387834
388195
388523
388836
389137
389445
389757
390070
390393
390701
391053
391500
391880
392291
392687
393061
393432
393797
394125
394443
394763
395068
395371
395695
396033
396359
396726
397121
397461
397801
398196
398539
398869
399199
399531
399851
400180
400513
400834
401144
401498
401842
402170
402494
402849
403229
403560
403902
404241
404556
404872
405228
405613
405989
406319
406666
407023
407350
407668
407985
408319
408633
408949
409300
409649
409961
410290
410615
410943
411241
411552
411861
412183
412497
412813
413146
413476
413793
414120
414449
414759
415064
415398
415741
416045
416345
416645
416977
417278
417571
417882
418179
418460
418753
419037
419341
419628
419914
420221
420530
420832
421135
421479
421810
422125
422439
422760
423076
423386
423700
424043
424364
424693
425030
425386
425698
426008
426335
426641
426959
427332
427665
428011
428412
428777
429106
429459
429837
430167
430477
430794
431111
431409
431704
432019
432356
432668
432977
433312
433650
433951
434257
434568
434878
435173
435482
435845
436194
436510
436858
437224
437550
437854
438176
438516
438823
439118
439445
439796
440123
440432
440802
441218
441566
441891
442215
442540
442852
443148
443475
443823
444170
444486
444844
445243
445579
445911
446249
446587
446884
447180
447470
447756
448042
448317
448615
448934
449239
449572
449969
450348
450689
451081
451480
451829
452188
452553
452878
453179
453480
453813
454109
454407
454713
455041
455344
455637
455930
456262
456565
456856
457155
457468
457790
458093
458406
458742
459064
459359
459647
459940
460230
460528
460821
461112
461417
461719
462031
462337
462639
462948
463257
463572
463877
464173
464463
464743
465019
465300
465579
465850
466115
466388
466660
466925
467185
467449
467713
467983
468259
468522
468787
469061
469330
469598
469863
470139
470419
470701
470975
471273
471625
472014
472412
472788
473168
473509
473850
474210
474552
474877
475179
475491
475816
476149
476453
476779
477125
477446
477751
478054
478377
478690
478974
479263
479563
479858
480141
480443
480752
481046
481349
481664
481987
482295
482670
483066
483408
483760
484133
484504
484834
485148
485461
485799
486119
486425
486736
487067
487398
487712
488057
488432
488767
489083
489386
489698
489997
490307
490646
490966
491278
491607
491971
492318
492627
492949
493291
493600
493909
494226
494553
494872
495212
495630
496009
496382
496739
497078
497406
497720
498018
498314
498615
498926
499226
499518
499846
500186
500493
500800
501118
501454
501759
502051
502352
502659
502947
503232
503525
503830
504129
504416
504721
505052
505357
505655
505970
506278
506578
506886
507200
507512
507812
508137
508450
508762
509105
509550
509925
510323
510698
511075
511465
511840
512207
512553
512931
513308
513648
514024
514393
514726
515039
515361
515657
515942
516241
516560
516859
517146
517441
517729
518019
518299
518571
518846
519126
519423
519713
519996
520294
520626
520923
521235
521597
521986
522312
522654
523012
523354
523658
523971
524311
524696
525063
525380
525717
526125
526507
526850
527187
527529
527873
528191
528495
528809
529158
529497
529819
530163
530598
530971
531335
531693
532043
532369
532677
532984
533306
533605
533928
534259
534636
534992
535398
535801
536172
536570
536952
537308
537684
538033
538383
538701
539012
539312
539611
539941
540299
540619
540977
541307
541607
541908
542229
542594
542898
543199
543562
543916
544260
544676
545076
545424
545760
546113
546423
546720
547032
547330
547632
547957
548284
548611
548913
549226
549554
549876
550180
550523
550829
551122
551416
551704
551987
552282
552571
552902
553244
553558
553880
554307
554710
555068
555452
555834
556185
556568
556941
557301
557695
558108
558471
558873
559259
559623
560020
560396
560755
561129
561507
561852
562181
562513
562823
563125
563426
563743
564066
564362
564661
564966
565275
565573
565864
566146
566434
566729
567015
567308
567626
567927
568233
568551
568894
569241
569553
569883
570237
570669
571021
571330
571662
571979
572296
572605
572899
573226
573563
573886
574198
574507
574829
575177
575491
575802
576126
576446
576770
577069
577359
577654
577950
578241
578532
578831
579139
579454
579758
580072
580529
580954
581359
581731
582124
582502
582868
583246
583609
583956
584331
584712
585071
585451
585815
586161
586494
586837
587157
587485
587919
588284
588712
589085
589477
589864
590261
590658
591016
591339
591633
591904
592177
592447
592709
592961
593218
593475
593732
593998
594251
594520
594807
595099
595373
595648
595944
596252
596556
596841
597132
597452
597776
598090
598395
598716
599187
599558
599961
600409
600816
601197
601609
601983
602344
602751
603133
603485
603883
604313
604692
605126
605521
605905
606310
606679
607062
607449
607806
608162
608543
608902
609254
609644
610074
610489
610872
611259
611666
612024
612347
612695
613111
613507
613918
614300
614690
615050
615426
615790
616125
616419
616738
617077
617375
617672
617986
618296
618587
618890
619193
619491
619775
620054
620352
620656
620961
621239
621525
621818
622116
622414
622698
623004
623312
623609
623915
624202
624500
624792
625091
625393
625693
625991
626300
626610
626911
627212
627509
627811
628127
628419
628707
629011
629316
629624
629922
630218
630534
630857
631163
631455
631773
632108
632446
632778
633231
633635
634011
634422
634798
635188
635582
635949
636312
636677
637029
637418
637800
638156
638553
638909
639255
639628
640012
640363
640769
641133
641512
641890
642235
642598
642961
643302
643613
643917
644215
644506
644791
645094
645388
645677
645968
646249
646534
646830
647110
647395
647674
647940
648199
648472
648753
649055
649358
649647
649955
