15
283
562
838
1105
1370
1640
1910
2180
2448
2719
2988
3256
3530
3797
4068
4345
4615
4887
5165
5435
5707
5978
6255
6533
6803
7085
7360
7634
7910
8184
8458
8739
9011
9284
9562
9832
10102
10373
10644
10919
11190
11461
11735
12013
12284
12552
12826
13112
13388
13667
13951
14222
14498
14773
15046
15320
15591
15864
16138
16416
16687
16954
17230
17513
17790
18070
18352
18633
18914
19189
19470
19754
20027
20306
20589
20866
21146
21422
21700
21986
22264
22550
22826
23098
23380
23655
23931
24208
24482
24762
25044
25312
25592
25868
26151
26424
26698
26982
27255
27528
27803
28076
28356
28626
28896
29175
29447
29715
29988
30259
30539
30814
31085
31366
31644
31913
32187
32459
32739
33008
33282
33567
33844
34120
34398
34677
34958
35131
35517
35794
35966
36344
36618
36889
37169
37441
37720
37995
38266
38541
38813
39090
39369
39645
39926
40203
40482
40759
41033
41313
41594
41869
42146
42423
42694
42968
43242
43519
43803
44079
44360
44638
44911
45188
45462
45740
46020
46295
46579
46859
47135
47414
47691
47971
48252
48528
48803
49081
49353
49625
49899
50172
50445
50715
50998
51269
51536
51817
52084
52365
52644
52915
53198
53474
53643
54015
54289
54559
54832
55103
55379
55649
55917
56182
56464
56741
56929
57282
57560
57832
58095
58362
58630
58898
59163
59433
59708
59973
60240
60515
60781
61058
61332
61598
61876
62144
62408
62680
62949
63215
63486
63757
64032
64303
64568
64843
65112
65389
65661
65931
66211
66481
66749
67019
67289
67561
67834
68104
68382
68652
68917
69194
69462
69738
70011
70280
70559
70830
71099
71370
71638
71908
72182
72450
72719
72990
73259
73529
73792
74065
74340
74603
74773
75146
75418
75683
75951
76215
76488
76755
77018
77294
77561
77824
78091
78361
78631
78898
79164
79439
79705
79967
80240
80504
80769
81040
81305
81575
81845
82111
82378
82647
82914
83184
83449
83721
83990
84257
84524
84785
85053
85327
85592
85860
86134
86404
86669
86941
87210
87486
87754
88027
88302
88575
88846
89111
89385
89662
89933
90206
90483
90758
91032
91306
91580
91858
92130
92406
92680
92947
93221
93484
93750
94026
94290
94566
94752
95106
95382
95551
95921
96107
96470
96738
97010
97273
97543
97803
98071
98345
98611
98879
99152
99424
99700
99974
100252
100536
100816
101093
101377
101657
101932
102205
102483
102766
103038
103318
103597
103874
104153
104327
104694
104971
105239
105406
105774
106041
106301
106564
106823
107094
107357
107625
107906
108185
108463
108744
109024
109313
109590
109867
110154
110431
110700
110977
111250
111531
111806
112080
112362
112640
112914
113186
113458
113736
114004
114274
114548
114821
115084
115356
115633
115911
116184
116458
116737
117009
117284
117551
117817
118094
118358
118621
118895
119162
119424
119690
119954
120228
120495
120759
121031
121303
121571
121837
122106
122382
122646
122912
123186
123454
123715
123982
124250
124521
124788
125053
125329
125599
125780
126133
126400
126673
126936
127199
127473
127740
128003
128277
128547
128820
129094
129364
129640
129911
130181
130454
130722
130998
131274
131544
131821
132021
132356
132630
132900
133171
133442
133709
133986
134258
134526
134696
135064
135337
135610
135877
136149
136421
136689
136963
137227
137494
137772
138036
138304
138578
138850
139109
139376
139642
139913
140178
140443
140716
140894
141248
141518
141787
142062
142330
142599
142881
143154
143421
143694
143964
144239
144510
144777
145054
145318
145579
145846
146110
146378
146645
146908
147179
147447
147707
147980
148245
148515
148792
148980
149334
149605
149874
150062
150408
150680
150951
151218
151494
151766
152032
152304
152569
152747
153108
153375
153644
153821
154167
154434
154693
154956
155227
155489
155763
156041
156312
156503
156855
157121
157395
157661
157923
158189
158456
158716
158977
159241
159510
159767
160032
160305
160569
160829
161094
161354
161618
161884
162141
162409
162673
162933
163199
163465
163735
164003
164270
164542
164811
164994
165339
165600
165860
166128
166384
166641
166908
167170
167426
167690
167951
168132
168480
168744
169015
169277
169535
169739
170059
170319
170589
170841
171100
171367
171626
171884
172146
172409
172675
172940
173205
173391
173743
174005
174269
174528
174798
175061
175321
175589
175854
176114
176382
176558
176908
177180
177442
177712
177978
178244
178508
178701
179035
179307
179566
179828
180098
180357
180622
180887
181148
181335
181687
181953
182225
182497
182761
183030
183303
183484
183853
184125
184409
184592
184951
185224
185494
185769
186041
186313
186586
186860
187123
187389
187658
187932
188194
188457
188731
188997
189261
189528
189792
190065
190333
190509
190871
191140
191399
191663
191924
192196
192457
192718
192991
193256
193514
193784
194049
194312
194586
194851
195118
195389
195656
195846
196183
196455
196719
196983
197246
197514
197780
198044
198308
198570
198843
199109
199375
199556
199914
200176
200444
200708
200973
201236
201499
201769
202032
202299
202571
202837
203110
203385
203656
203836
204208
204481
204759
205031
205304
205485
205854
206138
206348
206688
206966
207238
207514
207792
208066
208351
208524
208899
209180
209457
209635
210005
210279
210556
210743
211095
211365
211634
211910
212176
212440
212717
212977
213237
213417
213764
214030
214294
214553
214822
215087
215344
215525
215871
216140
216408
216673
216943
217212
217480
217659
218031
218314
218528
218660
219052
219341
219624
219806
220177
220465
220752
220931
221316
221594
221866
222041
222413
222688
222963
223237
223522
223802
224081
224371
224654
224948
225233
225518
225810
226090
226366
226647
226914
227193
227461
227723
228001
228270
228532
228803
229074
229264
229621
229891
230168
230437
230700
230971
231236
231515
231790
232061
232348
232524
232902
233183
233466
233650
234027
234308
234593
234874
235147
235428
235708
236001
236279
236565
236858
237141
237421
237701
237977
238261
238539
238815
239091
239271
239639
239911
240187
240461
240731
241014
241285
241558
241836
242112
242392
242670
242849
243224
243498
243768
244044
244310
244489
244851
245118
245391
245660
245922
246193
246463
246737
247014
247288
247564
247843
248114
248388
248663
248840
249209
249483
249766
250036
250304
250581
250854
251138
251413
251589
251960
252236
252500
252772
253041
253314
253587
253857
254142
254420
254694
254976
255258
255550
255829
256111
256401
256684
256965
257244
257525
257810
258089
258373
258653
258934
259213
259488
259663
260050
260324
260602
260883
261157
261333
261706
261979
262261
262535
262813
262989
263365
263646
263921
264105
264480
264757
265042
265319
265593
265876
266160
266445
266738
267028
267322
267613
267905
268189
268478
268772
269051
269335
269624
269900
270183
270464
270746
271029
271312
271600
271884
272167
272452
272740
273034
273241
273594
273886
274167
274442
274720
275000
275284
275565
275853
276134
276414
276703
276984
277275
277557
277831
278125
278408
278681
278962
279242
279527
279805
280085
280365
280644
280921
281191
281472
281754
282023
282191
282574
282842
283119
283389
283656
283931
284205
284474
284749
285023
285298
285571
285852
286133
286408
286691
286969
287144
287523
287797
288070
288352
288630
288906
289191
289471
289749
290033
290318
290600
290879
291168
291450
291725
292010
292288
292568
292851
293132
293421
293704
293983
294269
294553
294841
295121
295401
295688
295971
296245
296521
296798
297082
297358
297637
297919
298200
298481
298761
298941
299281
299569
299753
300132
300410
300690
300964
301243
301526
301803
302093
302280
302647
302934
303213
303498
303776
304054
304339
304622
304900
305176
305458
305743
306022
306309
306596
306875
307163
307450
307734
308018
308301
308586
308869
309144
309419
309696
309980
310254
310526
310811
311085
311356
311634
311906
312185
312456
312729
313003
313277
313547
313813
314083
314360
314629
314894
315175
315448
315717
315995
316273
316554
316831
317108
317390
317669
317946
318219
318498
318785
319060
319340
319625
319905
320183
320464
320744
321028
321307
321587
321872
322148
322426
322699
322977
323256
323527
323804
324079
324353
324631
324904
325182
325459
325732
326011
326289
326559
326830
327104
327382
327659
327933
328217
328494
328767
329051
329326
329607
329887
330159
330448
330729
331004
331284
331564
331846
332122
332402
332686
332967
333249
333522
333802
334081
334353
334630
334906
335177
335450
335726
336001
336279
336555
336842
337124
337399
337690
337969
338255
338536
338811
339097
339378
339649
339923
340203
340483
340756
341036
341313
341589
341762
342131
342408
342685
342953
343222
343497
343764
343941
344292
344559
344831
345095
345362
345631
345903
346173
346441
346713
346993
347265
347535
347818
348087
348353
348627
348902
349181
349455
349729
350011
350289
350563
350836
351110
351386
351657
351924
352205
352471
352645
353001
353268
353540
353805
354071
354347
354619
354886
355155
355424
355697
355966
356230
356507
356775
357036
357310
357487
357847
358121
358391
358667
358937
359205
359477
359743
360015
360223
360660
361094
361357
361631
361898
362172
362444
362713
362991
363266
363531
363804
364075
364350
364620
364887
365163
365429
365691
365965
366226
366498
366771
367039
367319
367589
367858
368132
368403
368677
368943
369212
369490
369760
370019
370294
370563
370840
371108
371373
371653
371927
372192
372468
372738
373012
373283
373550
373831
374098
374269
374637
374906
375177
375445
375710
375988
376260
376524
376797
377072
377344
377525
377886
378164
378429
378691
378965
379229
379499
379772
380039
380311
380584
380853
381123
381304
381662
381936
382202
382471
382738
383004
383275
383534
383803
384079
384345
384614
384896
385073
385440
385715
385985
386261
386529
386798
387071
387336
387602
387865
388135
388411
388678
388852
389223
389497
389762
390032
390299
390568
390835
391101
391375
391643
391910
392180
392450
392632
392995
393265
393541
393814
394080
394347
394618
394894
395164
395435
395713
395986
396254
396525
396797
397076
397340
397610
397888
398162
398432
398610
398967
399245
399514
399781
400048
400314
400581
400843
401108
401379
401640
401905
402176
402446
402709
402976
403241
403518
403788
404060
404337
404611
404885
405055
405430
405710
405977
406250
406530
406807
407078
407253
407614
407895
408167
408431
408707
408977
409239
409504
409776
409954
410314
410582
410858
411128
411396
411670
411938
412116
412483
412750
413026
413296
413560
413828
414094
414364
414633
414903
415179
415449
415716
415993
416263
416539
416816
417085
417365
417636
417902
418174
418443
418716
418988
419258
419533
419710
420067
420342
420607
420882
421154
421416
421689
421957
422216
422484
422752
423020
423286
423551
423828
424096
424362
424635
424902
425081
425444
425709
425979
426244
426504
426771
427039
427309
427581
427850
428131
428403
428673
428953
429223
429507
429784
429954
430332
430607
430874
431148
431416
431692
431959
432227
432503
432775
433043
433315
433585
433762
434130
434398
434676
434947
435206
435475
435741
436012
436278
436547
436822
437001
437358
437628
437893
438167
438435
438698
438974
439241
439505
439776
440044
440312
440583
440849
441120
441389
441657
441925
442185
442453
442726
442987
443251
443521
443786
444048
444315
444576
444847
445111
445376
445651
445922
446185
446448
446713
446982
447245
447506
447779
448041
448297
448567
448828
449095
449361
449628
449898
450166
450427
450693
450956
451219
451485
451744
452011
452271
452531
452796
453054
453316
453585
453848
454020
454380
454649
454911
455171
455434
455701
455959
456221
456485
456747
457005
457270
457529
457705
458059
458323
458592
458859
459119
459381
459643
459911
460173
460433
460707
460881
461228
461499
461762
462029
462293
462558
462830
463005
463353
463620
463882
464146
464410
464668
464936
465196
465458
465629
465982
466248
466514
466777
467040
467310
467578
467839
468100
468363
468632
468891
469150
469418
469679
469938
470206
470469
470737
471007
471270
471542
471810
472072
472335
472507
472861
473133
473393
473659
473925
474191
474461
474723
474991
475261
475527
475792
476067
476337
476598
476866
477135
477407
477673
477941
478212
478385
478744
479011
479278
479548
479813
480078
480356
480624
480885
481155
481425
481697
481964
482143
482499
482769
483031
483300
483566
483840
484109
484372
484651
484919
485179
485451
485723
485903
486260
486527
486798
487066
487328
487594
491057
491322
491581
491851
492109
492378
492644
492908
493185
493452
493714
493985
494252
494429
494787
495055
495325
495586
495847
496118
496377
496646
496918
497182
497452
497630
497985
498253
498519
498779
499052
499312
499574
499839
500102
500365
500626
503035
503304
503574
503842
504112
504383
504650
504919
505188
505460
505904
505997
506275
506540
506803
507073
507338
507603
507870
508134
508396
508661
508922
509183
509442
509705
509974
510240
510513
510789
511064
511338
511511
511878
512156
512420
512683
512955
513221
513488
513750
514020
514293
514557
514827
515098
515366
515634
515900
516168
516442
516707
516875
517242
517514
517782
518046
518315
518588
518855
519129
519402
519667
519936
520199
520461
520726
520980
521235
521499
521763
522020
522194
522539
522808
523067
523327
523597
523854
524105
524363
524617
524875
525131
525387
525647
525904
526162
526425
526679
526944
527210
527470
527737
527927
528264
528525
528782
529040
529302
529558
529814
530078
530338
530594
530854
531114
531380
531642
531906
532173
532436
532701
532965
533223
533484
533754
534012
534267
534534
534797
535055
535314
535575
535839
536097
536358
536626
536886
537142
537407
537667
537931
538190
538446
538706
538964
539223
539481
539739
540005
540274
540539
540812
541087
541361
541630
541896
542088
542435
542693
542948
543217
543481
543740
544000
544264
544532
544795
545058
545325
545591
545850
546115
546380
546650
546912
547171
547445
547710
547965
548226
548491
548756
549022
549285
549559
549824
550083
550350
550534
550879
551147
551405
551677
551947
552205
552476
552648
553025
553298
553570
553850
554118
554384
554658
554926
555198
555459
555721
555989
556252
556506
556770
557032
557295
557558
557819
558082
558340
558526
558670
559042
559305
559573
559829
560084
560350
560609
560864
561128
561391
561655
561925
562192
562464
562728
562994
563259
563519
563782
563966
564309
564571
564841
565104
565365
565628
565888
566150
566412
566606
566935
567197
567448
567711
567969
568234
568496
568757
569024
569295
569557
569826
570096
570361
570636
570904
571172
571440
571703
571967
572228
572494
572759
573018
573281
573548
573808
574071
574333
574507
574863
575125
575385
575651
575913
576171
576427
576686
576952
577207
577463
577733
577993
578249
578515
578779
579042
579307
579573
579847
580115
580375
580642
580903
581174
581430
581685
581952
582213
582466
582732
582993
583255
583521
583695
584049
584311
584564
584821
585073
585331
585594
585845
586101
586365
586624
586876
587135
587395
587657
587920
588178
588444
588704
588956
589213
589471
589729
589990
590242
590495
590754
591006
591257
591508
591757
592012
592268
592516
592773
593025
593277
593528
593780
594035
594295
594544
594797
595059
595313
595567
595824
596080
596340
596600
596858
597121
597382
597639
597899
598157
598418
598681
598935
599189
599455
599709
599962
600217
600471
600733
600990
601245
601510
601765
602016
602272
602523
602779
603035
603285
603540
603800
604054
604307
604564
604821
605089
605350
605607
605871
606135
606388
606650
606909
607170
607423
607676
607942
608196
608444
608704
608961
609214
609476
609734
609996
610261
610519
610779
611037
611302
611568
611823
612083
612348
612608
612867
613124
613384
613646
613904
614161
614425
614687
614940
615197
615454
615713
615968
616224
616486
616744
616998
617259
617515
617765
618028
618283
618536
618795
619055
619302
619557
619814
620080
620334
620590
620851
621108
621360
621617
621870
622127
622389
622646
622904
623170
623437
623692
623957
624220
624486
624746
624920
625271
625531
625786
626048
626304
626562
626827
627085
627349
627613
627873
628133
628393
628655
628919
629173
629431
629694
629951
630207
630467
630722
630986
631246
631504
631773
632034
632286
632547
632802
633058
633313
633569
633832
634091
634349
634609
634866
635127
635396
635653
635917
636188
636454
636714
636976
637239
637503
637760
638020
638281
638536
638792
639048
639303
639568
639830
640089
640356
640621
640876
641137
641394
641658
641917
642177
642447
642706
642963
643228
643489
643748
644014
644273
644538
644801
645055
645311
645567
645826
646090
646339
646594
646856
647114
647367
647623
647879
648144
648405
648663
648933
649191
649442
649701
649957
