310
509
978
1316
1652
1972
2295
2494
2957
3297
3614
3924
4258
4453
4907
5240
5553
5883
6211
6522
6865
7201
7514
7715
8179
8383
8861
9057
9532
9742
10195
10415
10868
11072
11546
11864
12187
12503
12805
13005
13464
13663
14122
14331
14789
14986
15452
15769
16081
16406
16721
16914
17393
17723
17917
18390
18727
18927
19404
19623
20105
20438
20634
21103
21302
21765
21976
22412
22745
23064
23382
23723
24055
24407
24748
25071
25271
25757
26073
26403
26730
27048
27368
27696
27890
28372
28720
29056
29377
29705
29915
30387
30581
31067
31267
31728
32064
32376
32698
33026
33345
33668
34002
34330
34658
34996
35340
35667
36016
36355
36685
37029
37357
37682
38028
38354
38676
39016
39341
39659
39985
40301
40628
40953
41279
41609
41937
42132
42596
42928
43250
43563
43882
44207
44518
44835
45035
45493
45833
46161
46482
46815
47133
47332
47797
47997
48464
48705
49150
49491
49808
50009
50469
50796
50991
51461
51789
52116
52435
52748
52947
53409
53753
54080
54396
54727
55048
55368
55699
56020
56338
56673
56987
57180
57653
57972
58164
58625
58944
59145
59593
59797
60258
60571
60759
61209
61518
61846
62174
62493
62695
63196
63520
63722
64214
64569
64767
65250
65587
65782
66254
66587
66789
67263
67465
67937
68267
68461
68916
69125
69585
69793
70252
70486
70932
71128
71599
71806
72268
72606
72929
73251
73595
73924
74115
74596
74806
75282
75614
75933
76139
76613
76813
77288
77490
77957
78293
78607
78943
79276
79591
79925
80264
80602
80941
81287
81635
81829
82299
82642
82961
83160
83631
83831
84306
84635
84940
85143
85604
85804
86273
86589
86790
87255
87573
87776
88239
88575
88773
89242
89509
89950
90266
90465
90938
91285
91607
91920
92262
92456
92920
93264
93593
93920
94241
94436
94910
95246
95567
95882
96207
96407
96879
97215
97552
97873
98069
98534
98730
99203
99532
99848
100043
100512
100833
101152
101349
101813
102015
102472
102689
103151
103469
103666
104113
104428
104628
105069
105384
105600
106034
106227
106701
106899
107364
107579
108028
108363
108560
109017
109342
109536
109998
110318
110512
110975
111301
111494
111956
112281
112478
112938
113134
113600
113909
114211
114526
114830
115149
115478
115789
115983
116459
116660
117117
117443
117752
117953
118413
118730
118937
119393
119707
119906
120355
120675
120874
121311
121638
121832
122268
122585
122780
123231
123558
123877
124191
124388
124839
125039
125486
125806
126113
126423
126740
127048
127364
127685
127992
128310
128646
128958
129276
129609
129922
130112
130572
130769
131233
131559
131866
132076
132530
132728
133186
133500
133695
134148
134463
134654
135109
135425
135617
136069
136388
136589
137046
137363
137566
138027
138335
138528
138975
139295
139610
139931
140265
140588
140916
141241
141564
141900
142100
142565
142911
143231
143537
143865
144177
144496
144825
145136
145459
145792
146109
146425
146754
147076
147403
147726
148042
148367
148689
148998
149318
149646
149967
150280
150605
150933
151235
151548
151744
152196
152534
152859
153167
153492
153695
154155
154491
154803
155125
155457
155769
156100
156440
156761
156951
157425
157752
157955
158426
158749
158955
159428
159745
159942
160394
160716
160910
161356
161562
162017
162335
162639
162834
163306
163625
163951
164292
164611
164931
165266
165585
165781
166258
166455
166930
167268
167578
167780
168245
168447
168915
169116
169583
169917
170223
170540
170862
171058
171528
171866
172201
172518
172839
173041
173505
173854
174182
174497
174835
175152
175469
175806
176121
176444
176782
177108
177432
177766
178089
178405
178728
179053
179377
179697
180016
180336
180660
180976
181288
181613
181937
182252
182577
182900
183224
183552
183874
184192
184527
184848
185172
185505
185823
186146
186470
186785
187104
187439
187765
188079
188419
188754
189065
189394
189717
190036
190363
190682
191005
191334
191651
191969
192293
192617
192942
193267
193592
193908
194220
194531
194840
195155
195476
195784
196110
196314
196776
197116
197442
197757
198093
198284
198755
199104
199436
199758
200085
200279
200760
201103
201432
201756
202083
202275
202746
203088
203415
203724
204051
204368
204565
205039
205361
205557
206046
206375
206568
207050
207384
207578
208044
208379
208578
209045
209379
209577
210044
210249
210720
211040
211243
211696
212028
212231
212687
213005
213197
213651
213852
214313
214622
214827
215271
215581
215779
216254
216593
216787
217262
217594
217924
218245
218566
218890
219220
219537
219741
220211
220536
220732
221196
221394
221865
222185
222491
222812
223131
223444
223772
223965
224431
224780
225096
225406
225742
225937
226404
226755
227083
227409
227741
227933
228419
228765
229085
229396
229724
230054
230366
230697
231028
231341
231667
231992
232311
232648
232966
233283
233624
233937
234126
234597
234921
235117
235584
235909
236234
236557
236865
237182
237511
237838
238151
238485
238812
239138
239467
239792
240117
240458
240778
240976
241459
241789
241987
242451
242777
242976
243447
243765
244096
244415
244721
244922
245392
245718
245919
246386
246708
247030
247348
247666
247859
248322
248651
248849
249309
249648
249976
250284
250600
250924
251241
251557
251881
252205
252528
252843
253165
253480
253810
254136
254445
254776
254971
255433
255774
256091
256416
256748
256940
257413
257755
258070
258385
258698
258894
259359
259690
260011
260330
260659
260848
261323
261670
262002
262327
262665
262988
263183
263659
263984
264178
264659
264985
265179
265655
265859
266344
266669
267002
267340
267656
267850
268325
268526
268993
269325
269639
269837
270303
270503
270977
271316
271627
271952
272283
272605
272798
273268
273598
273796
274262
274585
274780
275250
275580
275772
276242
276448
276917
277115
277575
277909
278218
278414
278883
279214
279405
279878
280204
280403
280877
281200
281402
281863
282188
282384
282840
283040
283500
283701
284166
284410
284849
285192
285516
285840
286166
286355
286835
287180
287503
287824
288158
288488
288802
289130
289458
289785
290109
290428
290745
291078
291388
291701
292035
292350
292662
292992
293303
293626
293956
294147
294612
294954
295273
295598
295922
296240
296440
296921
297118
297595
297935
298252
298443
298925
299128
299597
299933
300256
300451
300924
301264
301459
301939
302136
302612
302939
303255
303573
303887
304199
304533
304858
305179
305526
305860
306181
306519
306845
307175
307503
307819
308019
308500
308823
309153
309484
309808
310125
310444
310769
311081
311392
311707
312020
312350
312665
312858
313329
313656
313853
314321
314640
314972
315300
315610
315938
316268
316575
316903
317232
317560
317883
318212
318407
318885
319222
319559
319877
320209
320407
320872
321221
321546
321864
322201
322521
322845
323182
323497
323689
324178
324377
324848
325179
325497
325699
326164
326492
326818
327022
327479
327811
328139
328459
328663
329131
329457
329788
330114
330444
330762
331096
331424
331737
331949
332413
332731
333046
333363
333683
333991
334313
334508
334977
335317
335653
335968
336306
336640
336958
337295
337623
337941
338281
338613
338942
339287
339613
339949
340281
340595
340792
341263
341595
341801
342260
342595
342791
343246
343577
343772
344237
344572
344768
345237
345563
345759
346212
346527
346722
347187
347500
347694
348155
348360
348821
349018
349473
349806
350117
350425
350744
350945
351398
351730
352050
352367
352564
353032
353241
353706
354043
354356
354551
355017
355215
355673
356003
356316
356639
356963
357278
357614
357931
358125
358612
358825
359289
359626
359941
360267
360589
360907
361231
361562
361875
362192
362518
362836
363155
363476
363798
364122
364447
364767
365082
365410
365737
366052
366385
366582
367047
367383
367701
368010
368206
368665
368867
369333
369673
369990
370307
370642
370973
371296
371621
371951
372272
372594
372916
373232
373571
373897
374213
374562
374899
375217
375559
375890
376083
376565
376758
377237
377586
377895
378210
378528
378846
379159
379479
379804
380120
380442
380761
381080
381412
381737
382062
382404
382730
382926
383411
383614
384109
384316
384807
385166
385505
385843
386180
386515
386860
387201
387544
387749
388239
388592
388783
389275
389483
389965
390162
390650
390991
391320
391512
392001
392345
392675
393018
393356
393687
393885
394366
394566
395058
395256
395735
396095
396426
396745
397069
397410
397735
398054
398253
398733
398923
399394
399597
400072
400407
400604
401072
401386
401676
401967
402166
402514
402716
403037
403235
403539
403803
404048
404243
404679
404979
405284
405596
405900
406089
406562
406873
407182
407505
407697
408173
408366
408830
409045
409505
409698
410161
410356
410812
411120
411408
411717
412022
412220
412667
412862
413314
413520
413953
414263
414559
414852
415047
415458
415650
416068
416287
416668
416867
417278
417492
417863
418134
418405
418687
418977
419169
419611
419936
420246
420565
420877
421073
421524
421845
422038
422483
422797
422984
423420
423729
423923
424346
424649
424848
425273
425476
425897
426104
426528
426727
427143
427337
427754
428051
428340
428627
428823
429249
429450
429864
430166
430461
430762
430955
431381
431677
431977
432272
432464
432878
433070
433475
433764
433956
434335
434621
434891
435085
435459
435736
436012
436212
436554
436822
437023
437376
437601
437854
438134
438401
438592
438991
439287
439478
439934
440257
440448
440954
441307
441490
442008
442356
442701
443034
443368
443568
444064
444262
444744
444942
445425
445622
446087
446411
446735
447054
447366
447567
448034
448368
448558
449029
449227
449693
450008
450199
450668
450988
451306
451506
451971
452159
452623
452819
453302
453629
453964
454165
454644
454977
455307
455504
455988
456186
456661
456995
457191
457666
457863
458344
458683
458873
459355
459697
459891
460355
460688
460883
461347
461684
461878
462342
462545
462982
463175
463626
463938
464249
464574
464915
465109
465626
465829
466354
466580
467066
467266
467781
467967
468444
468642
469113
469314
469782
470109
470440
470631
471106
471302
471807
472139
472473
472804
473138
473330
473817
474160
474360
474848
475188
475534
475728
476199
476393
476877
477080
477559
477903
478240
478437
478914
479112
479599
479802
480274
480474
480958
481156
481628
481822
482292
482497
482949
483148
483589
483889
484186
484465
484753
485055
485350
485644
485966
486288
486602
486938
487280
487614
487959
488311
488662
489007
489203
489710
489913
490400
490593
491056
491273
491723
492038
492231
492664
492980
493174
493600
493802
494244
494540
494849
495164
495485
495816
496014
496482
496680
497156
497355
497824
498022
498499
498696
499162
499489
499682
500119
500323
500749
501053
501349
501540
501968
502168
502585
502895
503087
503539
503862
504055
504524
504721
505189
505388
505896
506095
506595
506950
507151
507638
507993
508187
508677
508885
509371
509714
509910
510391
510733
511063
511257
511737
511939
512424
512761
513089
513291
513767
513971
514463
514793
514993
515477
515820
516153
516477
516674
517168
517507
517860
518193
518521
518729
519204
519414
519894
520226
520430
520893
521216
521533
521730
522189
522386
522817
523135
523332
523759
523964
524407
524727
525048
525242
525735
525936
526411
526622
527083
527417
527612
528059
528384
528577
529017
529339
529532
529996
530322
530518
530979
531299
531498
531940
532135
532591
532794
533237
533550
533864
534186
534518
534712
535199
535407
535897
536093
536573
536786
537247
537471
537913
538113
538566
538772
539225
539537
539850
540158
540478
540801
541128
541472
541815
542152
542505
542852
543203
543560
543898
544254
544601
544934
545275
545621
545972
546164
546668
546874
547359
547571
548045
548257
548724
548932
549385
549712
549908
550359
550678
550995
551198
551633
551836
552255
552450
552829
553105
553297
553638
553909
554168
554424
554684
554947
555147
555484
555763
555957
556322
556527
556893
557166
557436
557642
558018
558237
558609
558898
559205
559406
559827
560143
560466
560666
561142
561495
561836
562172
562368
562886
563229
563564
563760
564252
564587
564926
565252
565587
565924
566230
566537
566733
567133
567334
567776
568085
568388
568599
569033
569231
569686
569998
570315
570513
570959
571158
571570
571857
572144
572340
572746
573032
573319
573601
573797
574185
574391
574784
575082
575371
575570
575967
576263
576561
576873
577177
577370
577857
578050
578548
578873
579068
579542
579877
580067
580570
580937
581136
581648
581852
582356
582717
582917
583428
583622
584147
584491
584823
585163
585495
585824
586020
586523
586723
587191
587540
587862
588172
588370
588819
589016
589470
589790
590091
590389
590712
590911
591380
591723
592050
592370
592692
593019
593338
593682
594023
594353
594697
595058
595405
595733
595943
596431
596764
596958
597439
597764
598082
598411
598742
599088
599292
599793
600143
600500
600842
601195
601389
601913
602120
602641
602983
603169
603678
604019
604361
604685
605008
605221
605697
606024
606217
606691
607021
607346
607664
607976
608293
608618
608938
609256
609605
609934
610249
610451
610926
611119
611592
611934
612262
612575
612766
613235
613438
613891
614104
614562
614897
615225
615434
615925
616274
616474
616979
617323
617523
618020
618369
618709
619053
619389
619724
620088
620433
620777
621138
621490
621829
622171
622523
622867
623196
623547
623893
624217
624548
624886
625227
625567
625908
626251
626577
626920
627263
627587
627928
628269
628601
628938
629279
629606
629937
630276
630619
630948
631280
631612
631939
632273
632607
632933
633130
633608
633808
634290
634637
634957
635270
635590
635905
636214
636523
636843
637160
637468
637795
638115
638431
638631
639101
639433
639760
640095
640429
640756
640960
641451
641793
642129
642480
642819
643159
643503
643856
644195
644526
644880
645229
645558
645756
646227
646558
646881
647198
647521
647837
648154
648480
648793
649130
649469
649789
649986
