94
327
562
799
1019
1254
1489
1731
1968
2209
2449
2693
2937
3186
3437
3687
3936
4184
4428
4683
4934
5184
5427
5680
5930
6179
6419
6681
6927
7165
7407
7660
7905
8150
8378
8619
8861
9098
9334
9573
9818
10059
10299
10535
10787
11034
11280
11529
11779
12031
12281
12539
12794
13046
13296
13554
13806
14056
14303
14555
14805
15053
15306
15561
15811
16061
16312
16566
16821
17074
17320
17573
17827
18080
18336
18597
18858
19114
19359
19631
19886
20146
20402
20663
20906
21165
21421
21677
21914
22158
22407
22659
22903
23145
23381
23635
23881
24130
24377
24626
24876
25126
25377
25634
25880
26129
26375
26627
26872
27115
27361
27613
27859
28107
28361
28615
28869
29124
29379
29634
29890
30146
30404
30660
30903
31150
31403
31654
31905
32141
32387
32641
32890
33140
33395
33637
33889
34137
34393
34632
34874
35113
35362
35602
35843
36077
36316
36567
36810
37056
37308
37558
37801
38050
38303
38554
38805
39059
39324
39584
39841
40098
40360
40614
40874
41129
41392
41646
41905
42162
42420
42676
42932
43196
43455
43715
43968
44236
44502
44777
45043
45311
45576
45837
46103
46365
46622
46874
47136
47394
47646
47896
48158
48410
48660
48908
49162
49407
49661
49906
50158
50404
50648
50900
51153
51401
51644
51884
52139
52384
52629
52868
53115
53351
53597
53845
54096
54343
54587
54838
55095
55343
55595
55838
56085
56331
56579
56830
57084
57335
57586
57842
58110
58373
58637
58892
59162
59428
59698
59972
60237
60493
60751
61017
61276
61535
61784
62057
62323
62592
62862
63126
63386
63648
63914
64184
64455
64725
65008
65299
65599
65911
66229
66537
66862
67192
67503
67806
68107
68395
68675
68952
69228
69503
69770
70040
70306
70575
70838
71106
71360
71618
71879
72139
72394
72644
72898
73150
73403
73648
73906
74150
74395
74646
74900
75147
75395
75639
75894
76140
76392
76632
76878
77124
77371
77619
77874
78118
78367
78612
78873
79125
79380
79631
79892
80151
80410
80673
80932
81185
81439
81702
81956
82214
82464
82721
82970
83222
83476
83733
83979
84229
84477
84733
84983
85237
85481
85738
85991
86244
86503
86761
87013
87262
87521
87780
88037
88288
88547
88803
89060
89320
89583
89843
90106
90371
90640
90901
91168
91429
91694
91954
92213
92474
92738
92997
93254
93520
93785
94050
94312
94585
94849
95119
95390
95665
95930
96196
96466
96729
96993
97248
97508
97763
98027
98286
98548
98801
99057
99311
99579
99834
100088
100340
100598
100850
101099
101354
101605
101858
102118
102393
102674
102968
103258
103553
103836
104123
104407
104687
104958
105224
105503
105776
106048
106311
106591
106869
107145
107426
107703
107975
108247
108520
108781
109047
109307
109574
109840
110112
110388
110665
110938
111206
111489
111764
112032
112294
112562
112827
113091
113359
113614
113871
114126
114395
114646
114898
115146
115404
115652
115905
116151
116403
116648
116895
117141
117384
117624
117870
118106
118352
118585
118822
119068
119316
119555
119797
120031
120289
120536
120786
121030
121286
121538
121793
122052
122313
122571
122828
123093
123353
123616
123871
124135
124402
124671
124938
125205
125466
125731
126000
126267
126531
126792
127062
127324
127582
127849
128120
128382
128641
128907
129177
129436
129695
129952
130211
130466
130723
130983
131240
131495
131745
132005
132259
132514
132759
133010
133261
133509
133755
134008
134246
134490
134729
134979
135210
135445
135675
135919
136147
136385
136611
136845
137085
137320
137549
137779
138014
138243
138474
138694
138924
139154
139374
139596
139824
140059
140288
140506
140729
140963
141196
141426
141643
141874
142102
142336
142568
142803
143038
143263
143492
143731
143972
144206
144445
144668
144909
145145
145380
145619
145862
146103
146334
146576
146820
147065
147307
147537
147772
148018
148253
148495
148740
148986
149215
149462
149707
149958
150200
150441
150686
150935
151181
151435
151685
151939
152186
152433
152683
152936
153182
153426
153670
153921
154167
154413
154669
154927
155182
155434
155697
155957
156222
156481
156749
157005
157270
157541
157813
158079
158346
158623
158895
159169
159431
159704
159975
160247
160518
160786
161048
161310
161583
161851
162113
162367
162634
162894
163154
163418
163677
163929
164185
164442
164700
164952
165196
165442
165689
165940
166192
166446
166700
166949
167211
167487
167768
168048
168320
168605
168882
169160
169440
169719
169991
170264
170547
170822
171098
171372
171644
171920
172196
172470
172733
173002
173269
173544
173807
174065
174330
174595
174860
175123
175392
175649
175912
176177
176448
176711
176970
177229
177492
177752
178015
178278
178532
178792
179050
179316
179574
179831
180077
180336
180589
180843
181094
181343
181593
181840
182090
182349
182598
182841
183094
183353
183606
183856
184112
184370
184623
184881
185136
185395
185654
185916
186174
186435
186693
186955
187223
187491
187760
188026
188310
188582
188861
189135
189422
189701
189991
190287
190567
190843
191126
191409
191696
191971
192250
192526
192808
193097
193388
193670
193946
194236
194515
194793
195068
195345
195612
195883
196163
196432
196698
196962
197236
197505
197778
198055
198330
198610
198893
199176
199456
199736
200015
200292
200576
200849
201124
201395
201663
201943
202224
202490
202756
203036
203308
203582
203853
204125
204393
204671
204955
205228
205500
205781
206063
206339
206615
206892
207167
207440
207711
207992
208266
208537
208815
209094
209379
209668
209965
210252
210543
210838
211122
211410
211694
211976
212249
212521
212798
213067
213335
213609
213889
214158
214426
214704
214981
215259
215524
215807
216081
216350
216623
216899
217166
217425
217705
217978
218250
218508
218777
219040
219305
219572
219836
220099
220355
220613
220873
221129
221378
221625
221871
222122
222369
222621
222870
223109
223356
223607
223858
224103
224339
224584
224830
225069
225312
225548
225794
226033
226278
226526
226779
227028
227283
227533
227790
228046
228305
228568
228827
229079
229332
229593
229850
230106
230354
230613
230866
231124
231384
231649
231908
232170
232434
232701
232963
233231
233499
233764
234030
234294
234561
234832
235110
235378
235659
235934
236200
236469
236739
237007
237278
237553
237814
238082
238355
238622
238879
239139
239401
239660
239917
240181
240444
240707
240969
241227
241495
241753
242013
242265
242523
242782
243038
243301
243565
243825
244082
244351
244613
244873
245126
245389
245645
245902
246157
246409
246656
246904
247147
247386
247628
247869
248095
248329
248560
248794
249027
249271
249499
249731
249965
250212
250449
250690
250917
251165
251406
251647
251889
252136
252373
252619
252861
253112
253356
253601
253843
254093
254340
254591
254841
255098
255346
255602
255851
256109
256359
256613
256856
257116
257370
257623
257880
258143
258401
258658
258921
259188
259448
259706
259968
260227
260488
260749
261010
261271
261533
261792
262053
262307
262569
262820
263082
263340
263596
263853
264120
264379
264636
264898
265163
265427
265692
265964
266230
266494
266766
267041
267307
267575
267850
268127
268401
268673
268946
269219
269497
269775
270064
270340
270616
270899
271182
271461
271732
272014
272285
272561
272844
273121
273398
273682
273989
274282
274569
274858
275147
275438
275721
276003
276284
276562
276846
277116
277388
277651
277922
278189
278452
278722
279000
279275
279549
279833
280109
280391
280663
280939
281221
281506
281789
282062
282335
282610
282889
283160
283426
283697
283970
284243
284512
284781
285046
285311
285581
285854
286116
286378
286652
286918
287186
287459
287732
287999
288273
288549
288816
289090
289352
289625
289890
290155
290423
290708
290984
291257
291538
291804
292080
292345
292620
292886
293149
293415
293684
293946
294214
294493
294759
295038
295319
295607
295889
296172
296462
296747
297038
297325
297605
297885
298156
298439
298708
298970
299238
299508
299773
300030
300298
300564
300827
301087
301355
301612
301875
302140
302407
302670
302929
303189
303451
303710
303968
304225
304486
304755
305024
305302
305582
305859
306138
306432
306715
307003
307296
307579
307866
308158
308443
308718
308998
309287
309568
309858
310143
310437
310722
311003
311296
311587
311864
312145
312429
312702
312972
313255
313522
313785
314054
314325
314585
314847
315114
315377
315643
315904
316172
316433
316693
316958
317227
317489
317744
318003
318271
318536
318796
319056
319321
319584
319850
320122
320386
320650
320918
321193
321452
321716
321976
322236
322498
322764
323035
323295
323559
323821
324090
324350
324608
324861
325117
325371
325621
325875
326131
326379
326626
326877
327125
327372
327617
327865
328109
328347
328595
328842
329088
329332
329579
329832
330085
330341
330593
330853
331106
331365
331629
331901
332164
332427
332687
332958
333224
333489
333756
334021
334290
334562
334843
335106
335373
335647
335921
336187
336446
336715
336976
337245
337509
337779
338039
338302
338562
338825
339090
339351
339616
339878
340145
340414
340691
340959
341218
341479
341749
342011
342273
342532
342790
343050
343314
343582
343841
344110
344376
344656
344928
345201
345471
345745
346019
346299
346579
346854
347131
347408
347697
347976
348250
348526
348799
349065
349337
349615
349889
350172
350453
350732
350998
351266
351531
351796
352060
352321
352590
352850
353114
353370
353637
353893
354148
354401
354660
354910
355162
355418
355675
355924
356176
356434
356689
356945
357198
357459
357717
357982
358249
358522
358796
359074
359361
359649
359950
360228
360520
360809
361095
361383
361660
361941
362230
362523
362804
363080
363365
363646
363927
364208
364481
364763
365045
365339
365632
365916
366200
366484
366766
367042
367325
367599
367873
368146
368419
368689
368956
369234
369505
369764
370036
370306
370567
370829
371089
371349
371606
371861
372123
372373
372622
372878
373132
373382
373634
373878
374131
374379
374632
374876
375133
375384
375633
375888
376149
376404
376660
376920
377180
377436
377695
377961
378223
378481
378748
379022
379287
379553
379814
380085
380352
380622
380887
381148
381411
381674
381947
382208
382470
382730
383004
383269
383531
383791
384054
384320
384586
384854
385118
385386
385653
385926
386188
386456
386720
386990
387260
387525
387798
388070
388339
388602
388870
389137
389399
389657
389921
390175
390431
390691
390957
391211
391466
391727
391990
392251
392509
392763
393017
393270
393524
393780
394031
394278
394529
394789
395046
395304
395549
395815
396071
396333
396603
396877
397144
397414
397697
397972
398247
398520
398804
399078
399358
399643
399920
400199
400468
400752
401030
401309
401582
401856
402132
402408
402694
402971
403240
403522
403807
404099
404388
404688
404986
405288
405596
405882
406164
406450
406730
407001
407264
407538
407802
408072
408342
408608
408873
409135
409405
409678
409947
410207
410481
410755
411029
411313
411598
411875
412150
412430
412704
412977
413245
413515
413780
414053
414326
414594
414862
415129
415401
415668
415937
416205
416476
416748
417030
417318
417604
417883
418170
418463
418748
419021
419309
419593
419880
420166
420453
420741
421026
421312
421598
421881
422162
422441
422726
423006
423296
423588
423878
424189
424486
424773
425056
425348
425640
425934
426233
426515
426793
427098
427404
427711
427999
428290
428577
428858
429141
429423
429707
429990
430275
430561
430833
431117
431398
431684
431965
432249
432528
432806
433084
433355
433626
433887
434149
434411
434675
434939
435200
435455
435711
435971
436228
436483
436735
436992
437251
437506
437757
438022
438277
438537
438794
439067
439326
439595
439856
440128
440397
440668
440940
441203
441474
441738
442012
442279
442549
442815
443079
443347
443614
443891
444158
444427
444695
444972
445242
445509
445790
446066
446340
446622
446915
447198
447479
447779
448065
448359
448651
448949
449239
449530
449833
450129
450426
450726
451011
451290
451563
451840
452111
452384
452667
452941
453205
453475
453746
454014
454279
454541
454800
455060
455325
455590
455847
456110
456372
456644
456908
457176
457444
457719
457992
458272
458554
458833
459101
459368
459643
459915
460179
460447
460716
460980
461255
461531
461795
462069
462350
462633
462920
463202
463484
463749
464023
464295
464564
464827
465090
465357
465620
465880
466138
466405
466663
466920
467180
467449
467709
467969
468231
468500
468762
469023
469283
469539
469800
470063
470330
470587
470851
471114
471384
471643
471908
472164
472426
472684
472943
473207
473470
473725
473980
474245
474507
474770
475024
475287
475545
475808
476075
476347
476607
476869
477136
477403
477668
477930
478193
478455
478719
478981
479248
479508
479767
480024
480297
480558
480816
481072
481329
481585
481840
482100
482353
482600
482852
483110
483361
483610
483851
484102
484347
484596
484840
485084
485328
485570
485808
486050
486287
486532
486763
487004
487237
487478
487716
487960
488199
488427
488664
488909
489148
489380
489607
489843
490079
490310
490545
490775
491020
491253
491494
491732
491979
492216
492462
492697
492944
493189
493436
493684
493940
494192
494449
494707
494968
495231
495490
495757
496020
496283
496550
496824
497088
497353
497619
497887
498155
498422
498693
498957
499234
499511
499791
500062
500338
500623
500899
501172
501437
501712
501979
502237
502501
502769
503029
503286
503548
503810
504070
504325
504590
504844
505100
505364
505626
505882
506135
506386
506643
506894
507150
507402
507665
507924
508188
508459
508734
508999
509262
509536
509802
510068
510326
510595
510855
511119
511387
511656
511921
512194
512474
512748
513025
513293
513568
513837
514107
514381
514652
514922
515188
515466
515732
515999
516261
516537
516808
517077
517349
517624
517891
518157
518435
518705
518982
519260
519534
519813
520098
520383
520663
520935
521200
521472
521737
521999
522256
522515
522764
523018
523275
523527
523769
524016
524267
524514
524755
525002
525252
525501
525747
525997
526254
526505
526758
527007
527266
527517
527777
528028
528294
528555
528817
529081
529351
529615
529878
530148
530417
530684
530943
531218
531477
531741
532010
532280
532543
532810
533080
533346
533617
533882
534155
534417
534682
534948
535221
535490
535752
536028
536302
536585
536854
537135
537410
537683
537961
538230
538498
538765
539036
539301
539571
539838
540097
540362
540628
540895
541149
541408
541665
541930
542189
542446
542700
542959
543221
543480
543744
544009
544272
544530
544801
545061
545321
545575
545837
546091
546346
546605
546869
547122
547381
547641
547899
548159
548415
548670
548922
549173
549428
549683
549938
550193
550447
550712
550979
551245
551504
551771
552040
552311
552600
552881
553157
553440
553730
554005
554290
554569
554851
555134
555419
555705
555980
556256
556532
556816
557094
557365
557650
557935
558222
558503
558781
559066
559358
559674
559981
560281
560591
560879
561170
561466
561754
562035
562316
562605
562895
563191
563486
563781
564078
564370
564659
564940
565214
565499
565772
566050
566323
566595
566856
567122
567393
567655
567915
568173
568444
568706
568972
569226
569485
569747
570011
570276
570538
570803
571071
571343
571605
571867
572121
572386
572643
572897
573159
573422
573678
573931
574191
574448
574701
574951
575204
575451
575695
575944
576193
576437
576679
576921
577170
577415
577662
577900
578145
578390
578635
578881
579130
579382
579634
579889
580156
580414
580671
580930
581195
581448
581702
581963
582223
582477
582733
582990
583244
583499
583749
584003
584246
584496
584743
584995
585241
585485
585730
585984
586231
586479
586715
586971
587217
587467
587715
587970
588218
588465
588714
588971
589218
589469
589715
589969
590213
590459
590710
590963
591213
591465
591716
591978
592235
592491
592739
592992
593244
593493
593748
594000
594245
594491
594743
594995
595243
595485
595734
595982
596225
596473
596725
596973
597217
597466
597717
597969
598220
598466
598719
598971
599227
599487
599751
600015
600274
600533
600803
601062
601321
601572
601830
602080
602330
602584
602841
603088
603342
603601
603861
604122
604380
604640
604897
605154
605410
605669
605924
606184
606440
606708
606969
607234
607500
607777
608044
608316
608600
608871
609140
609409
609683
609947
610210
610474
610733
610994
611273
611573
611873
612171
612476
612774
613064
613346
613637
613930
614208
614495
614779
615061
615345
615626
615910
616180
616456
616723
616992
617266
617537
617800
618061
618333
618595
618861
619113
619377
619636
619896
620160
620416
620674
620927
621190
621452
621714
621960
622223
622476
622732
622986
623243
623492
623741
623997
624255
624504
624756
625008
625265
625523
625790
626058
626325
626592
626863
627143
627411
627681
627948
628220
628488
628755
629028
629299
629566
629831
630101
630363
630624
630880
631145
631398
631650
631909
632167
632415
632670
632923
633181
633436
633687
633943
634195
634447
634703
634960
635212
635462
635704
635961
636210
636459
636698
636950
637198
637449
637701
637962
638211
638461
638713
638976
639227
639483
639727
639979
640227
640476
640725
640972
641216
641460
641706
641959
642206
642453
642698
642953
643207
643459
643716
643978
644236
644493
644760
645019
645275
645528
645792
646047
646302
646556
646819
647072
647330
647588
647850
648103
648361
648611
648871
649127
649384
649644
649907
