70
550
1021
1498
1925
2340
2822
3259
3667
4154
4630
5071
5594
6073
6511
6991
7474
7921
8409
8892
9326
9793
10273
10713
11198
11681
12145
12635
13114
13530
13992
14438
14848
15276
15721
16111
16513
16948
17352
17739
18194
18620
19026
19492
19915
20318
20754
21165
21554
22001
22456
22874
23322
23759
24174
24617
25062
25465
25914
26350
26746
27120
27476
27840
28200
28541
28909
29289
29659
30066
30545
31001
31471
31934
32365
32799
33258
33674
34101
34546
34953
35374
35878
36305
36712
37218
37643
38032
38394
38744
39103
39480
39843
40226
40625
41017
41512
42010
42492
42985
43420
43864
44331
44751
45142
45560
46008
46429
46874
47332
47700
48066
48433
48813
49339
49807
50289
50766
51212
51683
52162
52587
53078
53546
53960
54399
54868
55298
55715
56185
56566
56947
57343
57762
58305
58809
59267
59747
60202
60639
61109
61538
61935
62359
62773
63168
63567
64063
64537
64939
65417
65872
66256
66621
66990
67346
67717
68228
68705
69206
69679
70152
70650
71094
71530
72010
72463
72886
73329
73742
74135
74599
75008
75378
75759
76128
76634
77109
77577
78072
78529
78984
79430
79838
80298
80728
81137
81557
82010
82405
82803
83171
83526
83903
84267
84654
85145
85614
86105
86590
87025
87455
87921
88347
88779
89228
89653
90069
90543
90975
91383
91828
92286
92700
93193
93628
94038
94491
94940
95347
95799
96244
96652
97105
97505
97882
98251
98606
98970
99325
99686
100046
100410
100916
101373
101842
102338
102792
103270
103768
104211
104662
105120
105541
105988
106467
106907
107362
107841
108286
108742
109231
109660
110130
110592
111014
111463
111888
112252
112611
112979
113336
113752
114278
114760
115241
115698
116156
116635
117078
117520
117975
118392
118851
119321
119745
120206
120663
121084
121557
122019
122440
122872
123261
123617
123987
124355
124743
125284
125775
126259
126751
127192
127677
128147
128575
129025
129483
129906
130310
130758
131187
131587
132014
132405
132828
133281
133708
134162
134615
135030
135469
135874
136300
136752
137170
137588
138011
138374
138729
139095
139455
139837
140318
140794
141233
141736
142189
142655
143113
143527
143974
144416
144824
145275
145720
146103
146532
146972
147373
147759
148158
148509
148866
149232
149594
149992
150457
150908
151367
151850
152283
152738
153139
153555
153965
154397
154792
155193
155623
156034
156442
156870
157233
157598
157963
158317
158693
159137
159589
160009
160447
160866
161296
161666
162031
162396
162740
163073
163424
163815
164194
164563
164964
165391
165878
166333
166814
167277
167719
168191
168630
169051
169498
169907
170278
170642
170986
171336
171705
172120
172536
172985
173435
173852
174283
174697
175073
175445
175800
176148
176498
176841
177187
177562
178035
178513
179014
179487
179928
180402
180906
181337
181812
182299
182719
183169
183627
184039
184446
184821
185194
185564
185937
186348
186842
187324
187809
188264
188712
189183
189641
190074
190538
190957
191378
191820
192226
192651
193091
193499
193893
194254
194611
194973
195319
195683
196085
196506
197032
197510
197947
198338
198715
199081
199432
199775
200107
200457
200800
201139
201494
201866
202247
202644
203020
203410
203829
204287
204753
205255
205709
206174
206669
207111
207531
207967
208348
208716
209092
209466
209927
210472
210990
211508
211980
212456
212953
213397
213854
214282
214701
215153
215566
215934
216308
216697
217138
217658
218128
218626
219079
219522
219998
220449
220852
221241
221606
221972
222358
222859
223319
223801
224284
224733
225180
225596
226050
226511
226939
227396
227847
228273
228709
229137
229556
230008
230424
230838
231312
231720
232148
232614
233029
233456
233904
234337
234753
235214
235653
236059
236504
236953
237357
237812
238261
238668
239100
239545
239956
240377
240762
241137
241494
241848
242195
242556
242936
243430
243919
244408
244845
245287
245764
246198
246636
247107
247529
247996
248485
248894
249356
249825
250243
250701
251190
251614
252075
252515
252937
253381
253815
254221
254666
255107
255516
255980
256430
256840
257272
257737
258155
258619
259060
259469
259921
260338
260738
261168
261570
261958
262382
262795
263203
263641
264076
264482
264947
265398
265822
266296
266756
267167
267617
268047
268452
268891
269323
269725
270166
270651
271067
271508
271962
272392
272792
273249
273674
274027
274394
274737
275076
275427
275785
276263
276648
277034
277431
277879
278336
278764
279217
279655
280080
280521
280983
281401
281891
282385
282839
283328
283801
284263
284738
285201
285662
286101
286573
287011
287482
287949
288381
288813
289275
289682
290083
290473
290822
291178
291529
291872
292249
292781
293283
293795
294273
294718
295184
295632
296070
296526
296955
297382
297867
298299
298779
299257
299709
300156
300625
301050
301522
301975
302386
302827
303275
303675
304112
304551
304965
305432
305894
306331
306785
307255
307676
308113
308545
308955
309354
309805
310266
310684
311059
311413
311772
312149
312592
313002
313471
313945
314339
314757
315174
315564
315976
316400
316801
317252
317691
318093
318558
319014
319431
319881
320332
320743
321209
321648
322077
322530
322974
323398
323893
324343
324813
325283
325722
326150
326645
327095
327507
327984
328447
328867
329320
329756
330147
330578
331005
331413
331869
332312
332734
333202
333623
334026
334469
334896
335301
335759
336212
336625
337096
337568
338001
338463
338929
339351
339822
340275
340679
341116
341587
342005
342416
342857
343278
343684
344143
344591
344993
345450
345886
346285
346695
347116
347500
347883
348304
348727
349119
349566
350024
350439
350898
351365
351784
352246
352717
353126
353582
354038
354434
354856
355302
355708
356152
356624
357037
357468
357909
358351
358769
359229
359678
360095
360553
361011
361414
361837
362264
362665
363076
363509
363929
364319
364728
365146
365540
365986
366463
366908
367358
367808
368215
368655
369095
369508
369914
370339
370766
371169
371617
372050
372464
372925
373363
373766
374194
374627
375046
375506
375973
376396
376825
377237
377586
377950
378297
378621
378961
379297
379686
380085
380601
381094
381558
382052
382538
383007
383496
383941
384386
384830
385227
385647
386074
386474
386897
387319
387718
388187
388615
389028
389488
389965
390389
390885
391359
391797
392255
392708
393115
393599
394064
394482
394948
395376
395779
396229
396663
397051
397509
397954
398328
398688
399045
399396
399748
400147
400561
401098
401591
402079
402572
403037
403512
403967
404384
404827
405259
405664
406129
406554
406936
407339
407793
408202
408661
409172
409621
410054
410521
410944
411371
411799
412180
412592
413082
413542
413977
414444
414877
415283
415716
416169
416576
417049
417472
417906
418371
418798
419233
419679
420095
420483
420905
421358
421776
422218
422670
423081
423495
423919
424329
424718
425139
425557
425939
426373
426809
427209
427638
428093
428490
428912
429296
429645
429998
430352
430696
431122
431643
432129
432625
433102
433544
434024
434446
434861
435297
435762
436167
436629
437080
437486
437924
438371
438763
439175
439606
440014
440423
440902
441398
441835
442312
442777
443204
443661
444135
444536
444993
445443
445845
446291
446734
447137
447527
447981
448447
448859
449320
449781
450183
450643
451097
451497
451955
452399
452803
453220
453694
454129
454557
455005
455437
455829
456262
456687
457072
457488
457907
458293
458691
459135
459557
459968
460403
460857
461262
461746
462213
462627
463081
463560
463994
464451
464926
465361
465777
466239
466694
467104
467553
468001
468402
468835
469269
469663
470108
470561
470989
471382
471822
472247
472645
473085
473534
473940
474365
474808
475213
475622
476058
476437
476800
477154
477496
477844
478193
478545
478890
479239
479617
480143
480608
481066
481569
482028
482485
482990
483463
483869
484251
484623
484960
485307
485648
485992
486355
486735
487144
487674
488174
488645
489154
489628
490085
490560
491021
491506
491983
492411
492891
493355
493780
494255
494686
495077
495510
495947
496357
496819
497280
497696
498150
498581
498987
499457
499927
500341
500812
501262
501664
502096
502494
502880
503313
503794
504198
504657
505119
505535
505937
506315
506662
507003
507343
507685
508049
508556
509074
509538
510046
510545
511010
511480
511964
512411
512867
513311
513743
514154
514603
515045
515450
515913
516361
516778
517185
517576
517952
518360
518746
519175
519611
520014
520408
520802
521168
521535
521904
522295
522663
523023
523415
523794
524161
524524
524902
525272
525613
525977
526331
526665
527019
527367
527727
528087
528454
528846
529223
529598
530039
530505
530958
531448
531915
532313
532749
533184
533599
534075
534530
534992
535426
535828
536267
536739
537231
537708
538196
538580
538965
539350
539722
540116
540594
541089
541612
542120
542591
543085
543547
543965
544423
544865
545272
545684
546120
546482
546863
547249
547606
547961
548332
548700
549080
549529
549999
550476
550946
551387
551818
552306
552774
553193
553651
554075
554474
554914
555353
555767
556225
556707
557096
557457
557820
558176
558551
558949
559442
559942
560447
560927
561429
561901
562340
562786
563246
563654
564089
564538
564960
565345
565716
566087
566441
566818
567238
567664
568196
568668
569129
569616
570068
570497
570955
571373
571779
572238
572726
573155
573636
574074
574534
574999
575427
575929
576416
576838
577295
577737
578111
578473
578841
579200
579586
580104
580573
581070
581535
581979
582461
582890
583301
583764
584215
584649
585119
585577
585993
586452
586880
587294
587736
588156
588561
589012
589433
589844
590311
590756
591182
591643
592101
592508
592961
593373
593765
594194
594620
595022
595488
595968
596380
596837
597315
597741
598165
598635
599060
599444
599851
600265
600572
600923
601286
601682
602230
602724
603231
603736
604203
604699
605178
605616
606057
606503
606931
607346
607789
608242
608660
609129
609586
609999
610430
610850
611243
611671
612084
612492
612945
613386
613807
614262
614691
615082
615518
615924
616322
616747
617152
617521
617884
618247
618598
618976
619464
619938
620439
620928
621357
621827
622290
622715
623149
623618
624044
624446
624892
625326
625727
626164
626574
626974
627409
627839
628255
628722
629216
629658
630088
630523
630939
631366
631852
632309
632750
633206
633647
634055
634502
634949
635359
635790
636225
636624
637056
637517
637934
638323
638744
639156
639560
639973
640376
640741
641078
641424
641757
642098
642453
642815
643218
643627
644007
644401
644786
645149
645504
645952
646355
646736
647117
647505
647876
648247
648626
648997
649342
649689
