211
487
674
964
1131
1433
1595
1883
2058
2332
2491
2785
2973
3301
3468
3738
3976
4201
4416
4646
4881
5135
5382
5606
5822
6088
6271
6548
6703
7077
7245
7456
7899
8058
8394
8562
8726
9170
9369
9711
9963
10198
10437
10674
10902
11133
11362
11617
11858
12159
12349
12722
12885
13052
13523
13718
14101
14361
14538
14904
15070
15411
15580
15929
16195
16385
16695
16865
17164
17323
17666
17845
18200
18367
18698
18940
19128
19433
19606
19915
20083
20431
20627
20954
21105
21391
21559
21873
22041
22389
22646
22881
23122
23348
23603
23858
24098
24341
24596
24824
25103
25298
25627
25780
25993
26388
26580
26919
27093
27475
27636
28018
28187
28560
28732
29109
29296
29662
29897
30124
30287
30597
30772
31128
31308
31616
31778
32095
32272
32599
32755
33099
33367
33638
33909
34159
34409
34661
34945
35234
35532
35884
36072
36446
36614
36995
37168
37556
37775
38127
38304
38636
38795
39130
39304
39484
39796
40200
40362
40689
40874
41165
41340
41733
41913
42277
42543
42730
43033
43197
43516
43706
44064
44246
44569
44741
45061
45229
45570
45744
46085
46254
46608
46836
47028
47353
47530
47857
48027
48374
48711
49016
49274
49553
49835
50113
50385
50660
50927
51197
51462
51708
51955
52201
52487
52784
53063
53300
53542
53789
54038
54289
54555
54824
55071
55329
55605
55846
56081
56321
56571
56821
57096
57375
57619
57858
58096
58352
58609
58878
59140
59399
59650
59906
60163
60403
60647
60883
61148
61437
61706
61947
62182
62425
62671
62921
63181
63445
63633
63859
64209
64380
64626
64937
65099
65442
65622
65989
66157
66479
66632
66954
67140
67471
67652
67998
68176
68514
68686
69037
69197
69532
69739
70100
70292
70618
70783
71087
71246
71577
71804
72110
72305
72613
72789
73126
73294
73600
73773
74094
74267
74597
74854
75085
75319
75518
75786
76059
76333
76583
76842
77100
77347
77564
77856
78028
78375
78550
78948
79118
79452
79642
79936
80174
80439
80671
80973
81155
81459
81637
81962
82129
82428
82598
82764
83181
83355
83668
83909
84125
84351
84596
84845
85098
85321
85548
85791
85982
86231
86473
86694
86928
87160
87340
87666
87833
88136
88356
88572
88802
89038
89285
89550
89785
90009
90228
90464
90704
90940
91173
91408
91663
91898
92140
92383
92565
92835
93033
93288
93495
93818
94033
94292
94517
94737
94966
95196
95390
95676
95913
96152
96354
96638
96804
97073
97290
97512
97735
97984
98234
98471
98645
98837
98908
99123
99361
99593
99833
99998
100290
100530
100748
100934
101214
101370
101648
101859
102084
102352
102593
102826
103033
103238
103452
103658
103879
104080
104336
104517
104786
105015
105251
105467
105681
105847
106085
106262
106528
106771
107015
107236
107453
107657
107867
108094
108321
108518
108779
109015
109245
109457
109682
109863
110121
110336
110542
110710
111001
111206
111479
111700
111902
112102
112307
112509
112736
112955
113207
113388
113638
113819
114094
114272
114522
114720
114933
115130
115377
115613
115839
116025
116263
116421
116662
116846
117121
117298
117579
117806
118017
118196
118444
118608
118882
119097
119325
119537
119785
120001
120254
120428
120674
120878
121098
121273
121548
121744
122042
122269
122484
122697
122943
123113
123390
123612
123838
124077
124322
124524
124787
124961
125223
125442
125684
125923
126169
126412
126641
126860
127079
127261
127542
127718
128008
128189
128489
128740
128982
129215
129418
129636
129870
130087
130340
130583
130843
131027
131285
131451
131754
131990
132235
132468
132704
132930
133096
133419
133603
133878
134111
134337
134598
134883
135131
135362
135584
135820
136035
136272
136520
136761
137014
137244
137480
137725
137950
138173
138394
138626
138869
139124
139382
139639
139879
140105
140332
140584
140803
141084
141242
141571
141757
142044
142210
142534
142724
142969
143146
143636
143827
143988
144408
144592
144926
145203
145484
145759
146011
146268
146441
146757
146924
147216
147387
147712
147902
148218
148475
148710
148928
149156
149407
149647
149901
150128
150373
150612
150849
151096
151345
151595
151845
152117
152400
152662
152922
153151
153340
153614
153810
154260
154444
154800
154995
155313
155490
155822
155981
156316
156504
156839
157007
157323
157497
157777
157944
158293
158479
158812
158976
159270
159441
159753
159922
160252
160514
160720
160918
161381
161544
161903
162160
162418
162690
162971
163236
163487
163720
163922
164222
164396
164732
164900
165245
165420
165751
165921
166243
166488
166730
167002
167285
167555
167744
168031
168208
168499
168672
169009
169181
169386
169730
169910
170276
170528
170756
171001
171267
171532
171814
172055
172343
172507
172857
173045
173434
173630
174029
174211
174598
174773
175150
175342
175698
175901
176300
176574
176799
177033
177273
177513
177774
178046
178259
178526
178762
178967
179258
179497
179741
179942
180257
180433
180767
180954
181259
181414
181721
181913
182272
182464
182786
183034
183208
183508
183688
184004
184192
184523
184715
185051
185221
185501
185739
185975
186212
186480
186770
186984
187278
187437
187827
188002
188367
188537
188879
189230
189521
189812
190081
190337
190621
190942
191237
191506
191773
192038
192299
192568
192852
193126
193382
193644
193921
194170
194419
194661
194918
195179
195468
195754
196002
196245
196485
196756
197027
197300
197545
197794
198045
198289
198538
198794
199040
199289
199566
199868
200130
200383
200625
200865
201098
201360
201652
201919
202181
202437
202960
203136
203462
203648
203981
204173
204517
204725
205010
205171
205478
205672
206014
206210
206513
206682
206977
207147
207457
207638
207887
208194
208398
208729
208904
209213
209374
209652
209826
210162
210354
210703
210873
211174
211345
211667
211839
212176
212385
212660
212855
213204
213374
213716
213890
214196
214388
214780
215010
215324
215499
215806
215964
216300
216550
217121
217288
217465
217895
218079
218379
218630
218880
219157
219361
219684
219850
220014
220136
220199
220296
220638
220831
221177
221352
221665
221843
222151
222393
222638
222869
223130
223380
223652
223910
224155
224380
224615
224850
225105
225382
225661
225895
226161
226340
226681
226844
227017
227194
227616
227827
228059
228235
228426
228744
228977
229207
229465
229740
230010
230245
230480
230718
230890
231170
231348
231665
231874
232156
232361
232655
232890
233122
233300
233553
233736
234032
234227
234431
234779
234966
235218
235448
235696
235896
236194
236368
236661
236893
237121
237306
237584
237762
238022
238256
238514
238714
238899
239232
239455
239670
239839
240119
240304
240612
240856
241077
241252
241538
241771
241982
242151
242436
242685
242918
243113
243401
243567
243850
244057
244277
244470
244778
244969
245261
245489
245719
245882
246133
246305
246606
246853
247080
247284
247585
247764
248043
248247
248453
248637
248903
249091
249413
249647
249872
250084
250305
250543
250765
250978
251221
251411
251706
251869
252148
252388
252606
252829
253036
253266
253504
253787
254031
254250
254468
254687
254874
255128
255343
255629
255817
256094
256284
256575
256816
257051
257224
257493
257668
257974
258191
258490
258719
258944
259103
259387
259572
259908
260180
260414
260626
260879
261052
261346
261523
261831
262072
262323
262568
262843
263026
263300
263458
263762
264003
264263
264534
264778
265014
265238
265482
265730
265975
266207
266461
266721
266892
267213
267401
267704
267895
268168
268398
268704
268900
269237
269402
269714
269872
270188
270375
270733
270995
271243
271505
271759
271978
272207
272438
272685
272925
273187
273456
273690
273923
274141
274380
274641
274903
275167
275422
275671
275901
276143
276394
276633
276877
277094
277386
277679
277926
278190
278425
278641
278891
279159
279431
279714
279971
280215
280473
280679
280988
281181
281483
281701
281984
282254
282509
282737
282959
283165
283432
283672
283965
284143
284438
284604
284895
285068
285387
285559
285898
286152
286414
286622
286913
287080
287359
287527
287835
288029
288379
288607
288866
289028
289316
289497
289669
290071
290259
290561
290802
291037
291270
291505
291724
291953
292158
292441
292660
292959
293127
293397
293622
293834
294018
294307
294507
294808
295033
295255
295491
295727
295949
296171
296396
296631
296874
297119
297324
297597
297777
298024
298232
298464
298685
298979
299227
299442
299656
299874
300088
300307
300542
300756
300987
301209
301399
301691
301913
302135
302297
302537
302754
302965
303170
303440
303667
303882
304054
304279
304495
304725
304909
305162
305376
305593
305792
306018
306230
306449
306651
306855
307052
307262
307497
307742
307960
308179
308375
308565
308765
308956
309168
309396
309625
309854
310066
310271
310488
310715
310919
311132
311324
311532
311760
311974
312207
312436
312646
312852
313046
313240
313456
313693
313921
314163
314372
314580
314802
314996
315209
315425
315613
315856
316075
316297
316537
316778
316991
317208
317405
317601
317818
318030
318270
318523
318757
318982
319182
319386
319608
319831
320053
320280
320502
320719
320940
321165
321379
321603
321806
322019
322217
322448
322664
322957
323179
323393
323603
323812
323972
324232
324467
324702
324933
325155
325380
325612
325841
326054
326263
326473
326690
326914
327155
327389
327633
327845
328063
328265
328485
328734
328945
329208
329385
329660
329888
330101
330322
330561
330739
331022
331248
331501
331710
332001
332210
332422
332586
332871
333092
333337
333600
333836
334045
334268
334442
334735
334958
335195
335424
335670
335922
336145
336390
336628
336836
337074
337247
337529
337738
338072
338265
338553
338777
339009
339228
339472
339738
339989
340243
340419
340610
340960
341127
341426
341649
341877
342123
342308
342621
342819
343083
343296
343512
343761
344018
344274
344521
344746
344995
345174
345451
345627
345927
346102
346404
346594
346933
347106
347407
347591
347846
348023
348329
348519
348841
349017
349318
349480
349772
349953
350255
350460
350724
350918
351206
351391
351690
351868
352156
352315
352624
352907
353180
353441
353660
353883
354110
354286
354583
354786
355092
355280
355601
355784
356117
356367
356550
356828
357036
357364
357556
357947
358108
358420
358584
358909
359185
359466
359713
359948
360163
360399
360591
360887
361058
361225
361611
361809
362142
362324
362595
362746
363043
363216
363530
363722
364070
364242
364527
364689
365003
365188
365501
365671
365987
366179
366478
366650
366962
367127
367405
367563
367905
368119
368450
368623
368919
369087
369368
369542
369876
370066
370401
370571
370896
371087
371401
371572
371883
372059
372404
372596
372928
373117
373273
373706
373898
374353
374584
374916
375168
375412
375662
375883
376160
376430
376681
376953
377243
377494
377743
377980
378234
378494
378788
379038
379323
379703
379883
380295
380471
380915
381103
381525
381717
382088
382288
382620
382788
383168
383436
383761
383938
384245
384424
384749
384930
385314
385500
385684
386082
386273
386609
386789
387114
387292
387637
387828
388175
388350
388660
388819
389161
389368
389741
389925
390259
390440
390763
390932
391285
391468
391829
392011
392398
392585
392924
393086
393433
393642
393996
394219
394571
394748
394913
395352
395541
395930
396110
396325
396442
396565
396904
397076
397522
397705
398082
398314
398632
399038
399206
399576
399738
400144
400354
400772
400972
401310
401538
401839
402015
402348
402540
402723
403149
403341
403659
403829
404125
404316
404685
404883
405215
405460
405648
405929
406115
406428
406604
406896
407074
407450
407638
407973
408134
408324
408535
408951
409141
409508
409687
409997
410162
410500
410674
411030
411212
411549
411724
412042
412223
412539
412711
413027
413220
413609
413792
413979
414362
414524
414843
415105
415384
415655
415895
416154
416413
416680
416869
417132
417331
417497
417973
418163
418568
418768
419057
419265
419607
419895
420113
420417
420598
420899
421070
421391
421586
421932
422112
422462
422661
422877
423246
423412
423744
423931
424280
424480
424825
425007
425300
425471
425829
426022
426214
426624
426806
427125
427313
427632
427793
428095
428275
428620
428835
429169
429344
429611
429776
430116
430310
430684
430865
431197
431371
431555
431943
432123
432419
432604
432913
433097
433450
433640
433950
434128
434426
434618
434991
435204
435524
435697
436005
436174
436480
436680
436997
437193
437498
437694
438002
438185
438463
438634
438939
439120
439456
439663
439985
440164
440451
440628
440942
441131
441477
441663
442006
442184
442471
442659
442991
443168
443465
443669
444039
444226
444526
444700
444988
445149
445473
445676
446007
446200
446498
446672
446985
447161
447476
447653
447967
448149
448464
448650
448954
449127
449400
449573
449918
450124
450456
450622
450900
451089
451390
451561
451885
452075
452383
452563
452892
453082
453380
453530
453826
454017
454300
454494
454877
455049
455367
455531
455867
456056
456405
456589
456926
457113
457425
457600
457935
458109
458407
458588
458994
459194
459548
459707
459991
460173
460342
460793
461003
461358
461624
461878
462148
462393
462593
462881
463074
463396
463587
463784
464136
464308
464588
464768
465100
465296
465628
465800
466081
466263
466532
466711
467029
467213
467528
467709
468020
468214
468516
468693
468970
469146
469452
469663
470008
470186
470486
470645
470925
471117
471457
471663
471974
472148
472455
472633
472930
473109
473411
473589
473906
474112
474420
474610
474934
475095
475435
475707
475987
476276
476541
476742
477005
477230
477550
477741
478068
478257
478556
478748
479117
479290
479613
479788
479988
480410
480625
480985
481190
481476
481641
481975
482175
482484
482684
483086
483272
483631
483815
484112
484284
484605
484808
485147
485331
485627
485785
486099
486286
486628
486828
487122
487301
487629
487801
488121
488364
488580
488845
489100
489379
489640
489891
490063
490336
490536
490842
491035
491364
491546
491875
492044
492382
492563
492873
493045
493363
493558
493848
494030
494346
494513
494778
494949
495285
495489
495814
495992
496274
496441
496723
496911
497220
497408
497738
497925
498086
498474
498645
498950
499116
499399
499588
499920
500122
500446
500614
500904
501071
501343
501555
501931
502128
502433
502619
502890
503070
503383
503560
503880
504058
504375
504587
504901
505080
505335
505505
505825
506009
506352
506565
506855
507025
507307
507489
507684
508040
508223
508535
508733
509009
509198
509493
509718
509948
510164
510407
510686
510948
511200
511414
511629
511858
512050
512241
512573
512755
513066
513238
513524
513719
514023
514199
514482
514661
514969
515156
515473
515667
515936
516094
516368
516563
516894
517087
517404
517595
517887
518044
518343
518531
518839
519031
519341
519540
519868
520047
520347
520511
520787
520973
521299
521499
521849
522021
522311
522479
522792
522979
523310
523500
523816
524004
524290
524472
524795
524960
525265
525440
525766
525979
526298
526472
526741
526908
527195
527380
527694
527903
528215
528382
528678
528872
529157
529337
529618
529809
530110
530282
530595
530791
531068
531234
531497
531678
532004
532195
532524
532694
532907
533195
533427
533624
533912
534156
534390
534625
534895
535150
535386
535601
535832
536076
536317
536584
536857
537061
537319
537484
537810
537994
538196
538432
538840
539024
539327
539555
539817
539997
540292
540457
540780
540988
541325
541507
541797
541961
542265
542426
542769
543069
543338
543586
543795
544064
544338
544601
544843
545106
545328
545655
545838
546236
546406
546735
547019
547316
547594
547846
548093
548298
548531
548878
549110
549279
549743
549924
550324
550592
550751
551104
551282
551664
551954
552161
552472
552639
552931
553120
553315
553733
553911
554238
554429
554709
554883
555245
555411
555740
555933
556309
556506
556843
556998
557304
557490
557855
558048
558428
558674
558846
559178
559375
559697
559887
560226
560496
560684
561075
561264
561637
561804
562184
562526
562835
563115
563377
563647
563902
564174
564477
564765
565029
565291
565517
565875
566057
566429
566620
567029
567249
567602
567804
567947
568395
568615
568959
569252
569505
569758
569993
570240
570499
570754
570966
571239
571433
571789
571963
572261
572483
572745
572931
573267
573472
573867
574025
574383
574566
574943
575224
575498
575786
576036
576290
576549
576784
577017
577228
577535
577768
578211
578372
578740
578901
579265
579506
579835
580105
580357
580627
580855
581133
581406
581680
581958
582246
582532
582734
583083
583243
583665
583867
584303
584584
584765
585106
585310
585677
585968
586253
586526
586765
586959
587349
587500
587837
588020
588385
588592
588917
589184
589411
589659
589902
590185
590457
590722
590947
591297
591483
591857
592023
592396
592585
593004
593289
593543
593763
594013
594247
594511
594797
595041
595325
595554
595796
596062
596307
596532
596882
597081
597480
597662
598040
598241
598558
598864
599193
599491
599714
599992
600178
600452
600638
601064
601250
601667
601954
602239
602451
602727
602916
603346
603528
603938
604224
604400
604575
604960
605171
605560
605873
606138
606363
606655
606844
607289
607470
607874
608176
608472
608732
608970
609169
609510
609692
610114
610306
610685
610943
611223
611508
611799
612078
612363
612636
612904
613161
613403
613651
613890
614115
614422
614635
615032
615197
615546
615798
616036
616351
616631
616815
617128
617345
617647
617906
618240
618632
618835
619182
619439
619674
619887
620139
620421
620694
620981
621196
621475
621731
621993
622258
622523
622749
623103
623299
623708
623885
624236
624502
624777
625018
625359
625563
625941
626095
626473
626669
627067
627352
627627
627857
628159
628355
628678
628864
629171
629363
629775
629961
630288
630453
630762
630930
631270
631559
631805
632069
632306
632556
632816
633052
633315
633586
633871
634141
634371
634734
634908
635279
635584
635907
636212
636480
636702
636996
637175
637550
637737
638125
638330
638678
638952
639202
639435
639679
639922
640214
640445
640807
640980
641292
641458
641836
642062
642422
642691
642945
643199
643457
643712
643959
644209
644466
644744
645027
645278
645523
645744
645988
646191
646511
646799
647075
647282
647546
647710
648089
648356
648629
648900
649161
649409
649665
649927
