160
416
687
906
1189
1423
1622
1966
2237
2496
2722
2956
3198
3471
3799
4110
4353
4591
4847
4990
5221
5478
5688
5920
6103
6391
6637
6837
7070
7324
7614
7820
8072
8304
8515
8668
8923
9117
9350
9643
10008
10268
10522
10772
11044
11301
11475
11801
12008
12253
12455
12691
12929
13222
13551
13801
14022
14350
14616
14867
15015
15242
15471
15693
15895
16152
16408
16570
16814
17043
17272
17426
17775
17959
18261
18429
18682
18925
19076
19301
19592
19826
20051
20272
20585
20908
21168
21407
21562
21745
21964
22296
22598
22755
22915
23153
23503
23659
23873
24192
24397
24642
24872
25119
25361
25624
25858
26139
26363
26611
26804
27042
27258
27444
27599
27879
28128
28378
28618
28916
29154
29444
29713
29940
30171
30315
30578
30781
31023
31306
31721
32030
32258
32430
32629
32862
33177
33363
33649
33895
34203
34352
34625
34871
35020
35222
35377
35623
35922
36256
36490
36684
37034
37200
37341
37585
37825
38074
38319
38584
38866
39162
39451
39784
40081
40306
40608
40812
41040
41261
41522
41696
41926
42169
42416
42565
42701
43023
43242
43474
43617
43935
44333
44650
44921
45201
45409
45594
45771
45987
46199
46461
46752
47003
47285
47501
47750
47954
48198
48417
48666
48919
49138
49377
49561
49705
50081
50333
50641
50929
51250
51502
51686
51914
52142
52406
52667
52911
53238
53452
53621
53847
54086
54410
54659
54886
55112
55262
55520
55681
56045
56247
56448
56691
56953
57164
57322
57732
58035
58262
58448
58579
58810
59084
59333
59593
59849
60080
60338
60588
60896
61145
61396
61629
61859
62074
62315
62466
62703
62923
63167
63347
63617
63829
64085
64309
64522
64690
64928
65121
65337
65634
65950
66197
66635
66809
67040
67253
67524
67773
68009
68299
68572
68947
69178
69478
69655
69889
70172
70393
70537
70671
71068
71280
71480
71817
72051
72204
72484
72729
72968
73254
73527
73723
74050
74480
74702
74976
75203
75428
75711
75942
76077
76219
76438
76740
76970
77328
77516
77734
77949
78100
78340
78494
78717
78953
79187
79430
79662
79880
80248
80555
80842
81117
81391
81679
81930
82167
82417
82737
83035
83308
83617
83848
84155
84453
84723
84927
85119
85326
85579
85841
86004
86220
86390
86614
86866
87111
87359
87543
87767
87993
88206
88362
88588
88728
89009
89273
89498
89773
90051
90337
90611
90842
91047
91284
91520
91755
92022
92394
92591
92826
93050
93240
93377
93606
93960
94150
94393
94646
94875
95113
95249
95601
95836
96165
96469
96745
96904
97121
97352
97568
97805
98214
98519
98725
99013
99341
99613
99898
100145
100416
100736
101067
101325
101521
101754
102048
102308
102525
102666
102908
103190
103438
103661
103880
104114
104337
104598
104957
105271
105487
105826
106049
106184
106434
106637
106948
107300
107645
107975
108173
108445
108687
108939
109185
109462
109613
109833
110140
110324
110560
110782
111101
111381
111634
111894
112123
112445
112679
113110
113369
113523
113774
114077
114391
114688
114901
115123
115397
115579
115847
116060
116294
116532
116704
116891
117150
117307
117478
117901
118143
118303
118545
118730
118973
119275
119527
119874
120426
120672
120919
121143
121435
121695
121928
122204
122428
122635
122846
123243
123551
123796
124039
124259
124505
124737
124884
125147
125418
125777
126013
126209
126472
126765
126967
127243
127460
127673
127961
128183
128408
128552
128794
129061
129254
129524
129758
130092
130406
130578
130831
130990
131219
131531
131793
132005
132239
132558
132816
133161
133428
133791
134060
134364
134607
134843
135091
135355
135609
135870
136092
137430
138168
138702
139294
139691
140255
140745
141442
141962
142435
142890
143127
143374
143824
144325
144747
145118
145576
146018
146448
146863
147275
147692
148133
148598
149027
149470
149923
150414
150897
151349
151785
152230
152705
153148
153573
153923
154252
154955
155636
156286
156750
157165
157450
157877
158565
159283
159952
160609
161292
161717
162372
162811
163295
163790
164237
164703
165158
165507
165879
166316
166976
167426
167882
168323
168990
169431
169790
170146
170580
171038
171500
171882
172464
173007
173188
173367
173543
173699
173881
174138
174560
174741
174975
175169
175357
175546
175767
176068
176258
176525
176796
177057
177214
177427
177612
177868
178142
178303
178503
178803
179024
179175
179436
179616
179870
180065
180281
180453
180618
180761
180963
181179
181440
181591
181729
181933
182163
182594
182934
183244
183687
183889
184031
184281
184432
184600
184756
185330
186039
186378
187102
187324
187985
188184
188578
189065
189390
189599
190004
190669
191370
192067
192716
193402
194092
194742
195422
196138
196802
197210
197543
197817
198356
199034
199459
199762
200331
200758
201060
201584
202009
202370
202853
203264
203608
204087
204541
204885
205370
205775
206135
206642
207089
207431
207895
208318
209043
209466
209793
210145
210584
210927
211225
211767
212200
212655
212989
213277
213805
214231
214663
214991
215294
215822
216242
216670
217009
217311
217870
218324
218750
219075
219660
220098
220400
220925
221340
221709
222189
222607
222926
223454
223914
224368
224804
225254
225704
226171
226621
227029
227447
227896
228331
228656
229168
229818
230264
230710
231045
231546
231988
232306
232859
233285
233616
234100
234548
234912
235392
235806
236147
236400
236945
237391
237800
238136
238660
239116
239450
239951
240351
240713
241192
241638
241963
242449
242874
243244
243730
244160
244480
244990
245436
245800
246258
246668
247006
247496
247938
248278
248718
249131
249470
249951
250390
250699
251216
251647
251988
252517
252927
253243
253759
254176
254549
255018
255445
255762
256334
256766
257081
257585
258016
258357
258839
259260
259566
260033
260480
260808
261288
261711
262016
262535
262981
263297
263804
264213
264543
265071
265495
265808
266269
266922
267359
267699
268142
268800
269237
269669
269997
270495
270923
271243
271758
272389
272795
273219
273565
274049
274690
275107
275565
275887
276441
276871
277545
277995
278438
278732
279248
279692
280383
280812
281235
281500
281927
282392
282692
282881
283246
283681
284380
284820
285251
285553
286099
286558
286998
287287
287835
288257
288690
289058
289539
289952
290384
290749
291016
291530
291953
292376
292714
293240
293661
293983
294470
294905
295237
295731
296156
296453
296961
297410
297734
298238
298656
298977
299528
299971
300290
300783
301207
301559
302042
302446
302782
303232
303672
304022
304485
304889
305226
305743
306168
306517
306993
307407
307738
308259
308677
309000
309455
309892
310227
310716
311130
311449
311915
312360
312700
313190
313612
313924
314419
314850
315186
315631
316048
316362
316876
317301
317607
318117
318546
318872
319419
319821
320119
320626
321061
321386
321877
322287
322599
323110
323553
323867
324359
324781
325106
325609
326049
326329
326812
327237
327583
328047
328471
328731
329269
329719
330154
330442
330967
331401
331842
332156
332695
333100
333498
333830
334358
334769
335156
335486
335987
336431
336849
337157
337667
338121
338577
338860
339050
339408
339837
340279
340587
341147
341550
341956
342286
342807
343226
343646
343958
344466
344910
345348
345645
346156
346591
347020
347353
347850
348267
348680
349036
349562
349993
350392
350741
351243
351683
352023
352463
353129
353574
353912
354410
354833
355135
355663
356074
356438
356840
357273
357618
358105
358745
359138
359495
359961
360399
360707
361176
361606
361984
362160
362658
363048
363392
363812
364219
364622
364993
365369
365761
366179
366547
367003
367394
367759
368223
368651
369037
369472
369878
370270
370726
371156
371524
371945
372357
372754
373186
373620
373956
374178
374663
375113
375541
375881
376332
376768
377094
377589
378022
378341
378795
379259
379595
380081
380491
380832
381280
381714
382091
382491
382905
383251
383746
384168
384524
384958
385389
385740
386249
386658
386998
387228
387728
388178
388601
388952
389409
389855
390213
390680
391066
391429
391846
392545
392960
393297
393763
394212
394567
395071
395486
395819
396658
396841
397302
397652
397822
398277
398894
399342
399701
400065
400407
400594
400756
401106
401502
401890
402357
403078
403583
404034
404478
404944
405439
406177
406382
406911
407615
407943
408287
408678
409084
409554
410002
410424
410833
411250
411700
412130
412498
412699
412854
413185
413618
413996
414229
414739
415146
415563
415952
416445
416852
417434
417591
417935
418367
418751
419209
419871
420308
420680
421139
421549
421902
422377
422823
423170
423628
424033
424415
424654
424807
425184
425599
426006
426425
426814
427320
427984
428398
428760
429249
429686
430325
430753
431125
431612
432035
432364
432859
433295
433738
434382
434792
435151
435649
436077
436485
436829
437306
438034
438440
438866
439197
439457
439622
440004
440416
440854
441260
441642
442124
442773
443190
443545
444036
444466
445051
445526
445969
446411
446775
447007
447509
447924
448365
448731
449222
449626
449984
450485
450925
451606
452002
452708
453153
453467
453983
454414
454843
455556
455967
456272
456801
457247
457665
458008
458471
459140
459587
459996
460333
460781
461233
461554
462069
462721
463131
463579
463943
464405
465066
465498
465933
466292
466743
467153
467477
467985
468406
468739
469203
469601
469973
470428
470853
471157
471661
472093
472470
472951
473366
473705
474195
474627
475002
475439
475868
476225
476714
477137
477496
477923
478355
478729
479168
479595
479922
480401
480827
481218
481690
482104
482455
482977
483403
483770
484199
484620
484974
485490
485888
486237
486690
487118
487494
487965
488366
488709
489203
489656
490001
490461
490879
491224
491706
492125
492494
492922
493375
493857
494286
494707
495134
495556
496016
496452
496860
497264
497709
498142
498584
499001
499410
499827
500283
500724
501150
501573
502006
502450
502888
503305
503709
504144
504595
505022
505435
505842
506256
506695
507145
507556
507944
508377
508791
509230
509652
510062
510453
510914
511357
511767
512172
512582
512999
513433
513844
514239
514630
515062
515501
515915
516325
516741
517166
517613
518050
518448
518855
519268
519715
520106
520535
520916
521334
521768
522225
522425
522565
522928
523355
524043
524465
525130
525534
525968
526409
526588
527104
527807
528551
528739
529259
529956
530696
530879
531414
532105
532855
533555
533730
534243
534443
534981
535176
535316
535690
536376
537134
537313
537841
538539
539284
540002
540174
540692
541445
541629
541866
542231
542397
542922
543148
543693
544402
544576
545133
545324
545890
546602
547295
547486
547641
548033
548742
549054
549478
550264
550973
551141
551700
552444
552619
553146
553558
553997
554358
554614
555140
555843
556031
556577
557279
557457
557603
557942
558269
558644
558830
558970
559323
559499
559629
559990
560175
560710
561434
561610
561737
562131
562923
563379
564082
564262
564806
565550
565733
566245
566985
567166
567709
568397
569094
569290
569830
570494
570677
570817
571017
571585
571924
572348
572548
573050
573801
573990
574487
574803
574988
575138
575349
575526
575700
575858
576047
576337
576542
576695
576909
577080
577279
577572
577869
578083
578255
578455
578698
578965
579145
579401
579636
579960
580158
580369
580546
580712
580945
581161
581361
581519
581660
581814
581966
582101
582250
582530
582713
583123
583363
583556
583737
583916
584225
584459
584720
584971
585212
585515
585695
585870
586295
586577
586839
587075
587361
587518
587652
587828
588036
588295
588535
588799
589009
589284
589479
589815
590002
590254
590523
590774
590996
591261
591426
591624
591921
592145
592368
592655
592922
593239
593400
593683
593948
594163
594422
594587
594848
595093
595352
595566
595854
596035
596349
596564
596852
597069
597326
597582
597823
598019
598241
598457
598759
599024
599283
599444
599666
599826
600117
600371
600564
600873
601128
601424
601710
601924
602183
602371
602591
602767
602916
603141
603404
603670
603912
604098
604361
604531
604765
604996
605235
605478
605716
605975
606197
606429
606635
606869
607198
607418
607561
607794
608070
608313
608553
608866
609090
609341
609562
609831
610138
610405
610566
610812
611034
611317
611597
611833
612136
612402
612719
612982
613187
613391
613579
613794
614111
614275
614518
614735
614945
615122
615258
615518
615799
615980
616225
616469
616726
616965
617136
617444
617663
617951
618147
618306
618576
618817
619016
619222
619445
619681
619860
620052
620227
620465
620740
620975
621242
621402
621627
621879
622144
622409
622633
622850
623043
623294
623461
623680
623912
624147
624351
624581
624829
625129
625474
625719
625929
626182
626425
626588
626830
627024
627198
627461
627709
627881
628312
628531
628702
628906
629131
629325
629624
629797
630031
630292
630460
630734
630954
631222
631392
631557
631815
632077
632362
632618
632777
633009
633286
633504
633737
634016
634386
634670
634923
635210
635494
635667
635839
636102
636351
636653
636908
637282
637524
637695
637878
638104
638296
638533
638711
638930
639139
639366
639630
639845
639997
640260
640523
640791
641018
641206
641543
641822
642038
642307
642495
642735
642969
643237
644595
645178
645803
646051
646519
647250
647965
648420
649105
649800
