349
743
1155
1577
1981
2366
2757
3168
3590
4007
4400
4800
5200
5614
6016
6407
6799
7191
7608
8042
8462
8858
9261
9678
10110
10346
10901
11291
11682
12089
12497
12887
13280
13676
14096
14525
14950
15353
15757
16176
16609
17024
17410
17793
18195
18613
19006
19401
19790
20192
20611
21036
21460
21860
22257
22682
23110
23530
23930
24331
24757
25181
25592
25985
26375
26779
27201
27618
28031
28425
28824
29246
29677
30092
30490
30887
31327
31753
32150
32534
32918
33308
33710
34107
34504
34890
35279
35692
36112
36524
36910
37293
37702
38116
38524
38925
39317
39730
40156
40573
40979
41370
41759
42168
42582
42994
43387
43779
44190
44618
45031
45426
45820
46229
46660
47080
47490
47891
48295
48709
49134
49542
49937
50328
50735
51166
51579
51969
52361
52772
53209
53636
54043
54456
54875
55303
55725
56125
56517
56909
57318
57742
58147
58535
58933
59354
59788
60207
60598
60998
61406
61827
62244
62646
63046
63453
63873
64299
64704
65088
65472
65879
66308
66715
67103
67500
67925
68355
68772
69171
69568
69980
70400
70820
71228
71616
72014
72432
72862
73276
73670
74071
74509
74944
75366
75769
76178
76605
77025
77445
77835
78219
78618
79043
79464
79864
80248
80645
81065
81480
81884
82109
82654
83065
83480
83889
84286
84676
85082
85507
85932
86338
86731
87124
87555
87977
88210
88751
89132
89538
89936
90333
90728
91116
91517
91941
92365
92778
93171
93556
93970
94399
94808
95205
95594
95825
96400
96802
97181
97559
97947
98354
98762
99169
99568
99959
100367
100797
101219
101612
102011
102423
102859
103282
103682
104084
104492
104911
105334
105737
106135
106529
106949
107382
107801
108195
108588
109000
109421
109826
110206
110591
111004
111424
111831
112236
112637
113049
113477
113913
114334
114734
115137
115561
115994
116407
116803
117205
117635
118064
118487
118896
119306
119730
120164
120416
121007
121406
121820
122251
122680
123086
123480
123896
124328
124746
125156
125548
125950
126367
126785
127204
127601
127993
128407
128835
129259
129653
130035
130441
130864
131274
131674
132062
132470
132903
133329
133752
134154
134554
134974
135404
135821
136213
136593
137002
137412
137814
138196
138581
138985
139420
139852
140276
140691
141098
141519
141945
142362
142758
143149
143558
143988
144401
144798
145069
145489
145937
146382
146806
147236
147665
148098
148528
148949
149336
149704
150083
150482
150887
151283
151680
152091
152529
152953
153353
153751
154160
154584
155008
155417
155637
156201
156613
157021
157424
157806
158188
158589
159012
159431
159827
160223
160636
161061
161478
161884
162279
162678
163093
163516
163928
164318
164708
165119
165550
165976
166378
166776
167199
167632
168045
168441
168829
169225
169633
170039
170290
170815
171186
171569
171958
172346
172722
173090
173470
173880
174283
174684
175064
175450
175848
176257
176671
177076
177465
177860
178276
178706
179120
179515
179910
180332
180753
181154
181543
181932
182341
182753
183164
183570
183962
184356
184779
185203
185621
186014
186410
186838
187265
187674
188069
188458
188865
189272
189677
190076
190460
190850
191263
191684
192095
192489
192875
193281
193701
194106
194489
194874
195272
195694
196108
196507
196906
197304
197712
198129
198534
198927
199313
199700
200108
200499
200859
201217
201579
201960
202346
202715
203065
203429
203805
204211
204626
205030
205423
205815
206217
206640
207059
207449
207836
208229
208629
209012
209383
209742
210111
210486
210859
211225
211570
211906
212239
212584
212932
213281
213619
213942
214261
214593
214938
215294
215640
215970
216299
216633
216978
217314
217647
217974
218297
218932
219269
219608
219946
220267
220576
220891
221225
221564
221906
222234
222871
223211
223551
223894
224233
224471
224884
225221
225559
225908
226257
226929
227254
227585
227926
228277
228955
229271
229596
229943
230288
230622
230951
231263
231578
231902
232234
232477
232907
233241
233555
233864
234190
234526
234866
235211
235533
235855
236181
236532
236880
237218
237549
237870
238194
238428
238872
239213
239544
239868
240178
240490
240815
241147
241469
241789
242095
242403
242724
243059
243400
243728
244040
244258
244657
244990
245331
245662
245980
246298
246616
246939
247271
247620
247957
248296
248629
248953
249298
249657
250041
250380
250719
251061
251433
251808
252186
252552
252915
253277
253661
254045
254434
254802
255177
255541
255927
256330
256723
257094
257465
257846
258249
258655
259039
259418
259794
260193
260589
260984
261366
261746
262129
262522
262934
263319
263687
264054
264437
264839
265017
265160
265833
266197
266575
266954
267329
267712
267884
268315
268689
268866
269331
269706
269878
270306
270666
271039
271292
271802
272166
272530
272917
273100
273572
273968
274140
274593
274978
275443
276017
276404
276781
277409
277824
278232
278407
278854
279248
279653
280059
280459
280635
281095
281482
281887
282071
282548
282945
283116
283563
283958
284357
284759
285131
285497
285873
286282
286685
287076
287453
287837
288239
288645
288823
289300
289691
290075
290254
290743
291145
291539
291908
292283
292686
293088
293478
293853
294222
294614
295023
295417
295807
296184
296562
296953
297348
297748
298133
298497
298878
299281
299688
300066
300437
300813
301203
301618
302011
302396
302571
303019
303418
303813
304209
304589
304959
305337
305742
306153
306548
306924
307295
307688
308094
308484
308853
309232
309606
310011
310418
310815
311201
311581
311969
312381
312793
313182
313565
313958
314368
314782
315179
315564
315950
316351
316758
317158
317550
317921
318309
318706
319119
319512
319887
320271
320665
321079
321476
321858
322242
322632
323033
323442
323846
324228
324618
325014
325435
325843
326235
326613
327009
327420
327840
328235
328617
329016
329427
329839
330247
330628
331021
331417
331825
332232
332617
332994
333369
333763
334172
334561
334942
335317
335722
336130
336531
336915
337288
337678
338076
338479
338878
339264
339640
340033
340444
340853
341245
341622
342009
342439
342855
343246
343630
344021
344432
344844
345250
345649
346033
346427
346833
347245
347643
348025
348411
348827
349233
349627
350003
350372
350755
351147
351531
351911
352276
352645
353023
353423
353818
354208
354582
354953
355364
355763
356151
356524
356887
357260
357653
358027
358392
358761
359117
359493
359898
360285
360679
361058
361441
361866
362281
362671
363065
363456
363876
364295
364709
365109
365506
365914
366329
366749
367160
367543
367938
368355
368783
369190
369575
369969
370387
370804
371219
371623
372017
372425
372844
373265
373671
374066
374472
374894
375321
375740
376129
376532
376955
377396
377815
378216
378634
379061
379493
379911
380320
380725
381142
381578
382005
382412
382811
383221
383661
384097
384503
384911
385339
385780
386215
386628
387043
387462
387900
388339
388758
389152
389559
389984
390415
390827
391217
391625
392058
392491
392915
393318
393732
394152
394580
395016
395423
395826
396251
396673
397110
397520
397918
398354
398799
399220
399629
400027
400454
400888
401317
401738
402139
402551
402979
403416
403835
404236
404415
404939
405139
405287
405664
405849
406334
406522
407021
407221
407729
407926
408069
408421
408603
409093
409292
409438
409821
410011
410160
410521
410698
411193
411393
411545
411706
411882
412091
412323
412519
412701
412875
413039
413256
413471
413655
413813
414076
414322
414522
414707
414878
415085
415251
415407
415631
415835
416064
416263
416456
416694
417156
417579
417764
417925
418353
418540
418695
419081
419255
419401
419788
419975
420145
420540
420721
421238
421419
421928
422104
422256
422646
422827
422988
423357
423533
423683
423948
424144
424336
424503
424835
425077
425264
425487
425800
426006
426245
426425
426609
426819
426993
427161
427339
427509
427678
427877
428071
428390
428584
428808
429018
429196
429374
429544
429720
429892
430078
430249
430421
430593
430765
430953
431135
431320
431492
431675
431912
432088
432260
432496
432720
432918
433170
433366
433547
433721
433891
434050
434213
434379
434541
434701
434923
435144
435317
435492
435663
435840
436026
436194
436357
436515
436681
436830
436995
437177
437342
437516
437690
437868
438039
438220
438389
438619
438799
439024
439245
439415
439593
439763
439935
440109
440287
440455
440662
440817
440982
441140
441313
441481
441736
441902
442087
442299
442477
442706
442914
443120
443326
443515
443768
443978
444212
444420
444642
444872
445027
445268
445422
445580
445734
445896
446065
446233
446396
446574
446736
446968
447129
447290
447522
447703
447919
448172
448348
448523
448818
448987
449144
449296
449450
449604
449759
449915
450073
450231
450395
450560
450723
450903
451072
451225
451383
451535
451697
451868
452077
452254
452465
452637
452808
452975
453135
453294
453453
453608
453761
453984
454312
454530
454703
454868
455028
455194
455356
455519
455671
455825
455989
456161
456305
456457
456630
456800
456972
457283
457457
457760
457914
458071
458215
458362
458508
458674
458975
459142
459310
459471
459653
459818
460038
460259
460406
460566
460863
461036
461199
461366
461522
461681
461837
461995
462151
462302
462451
462606
462755
462933
463091
463257
463409
463569
463722
463886
464048
464204
464363
464516
464659
464864
465244
465819
466317
466479
467064
467235
467419
467871
468044
468605
468774
468935
469254
469484
469769
469987
470161
470350
470603
471066
471320
471512
471725
472020
472196
472354
472661
472975
473151
473439
473712
473911
474075
474406
474669
474834
474996
475137
475410
475638
475820
476028
476243
476431
476643
476801
476970
477237
477435
477570
477733
477942
478183
478450
478612
478825
478982
479222
479376
479712
479925
480186
480446
480740
480944
481177
481354
481580
481765
482252
482578
482780
483177
483382
483519
483727
483950
484199
484472
484741
485031
485288
485449
485706
485929
486194
486395
486641
486932
487214
487498
487679
487963
488300
488499
488697
489021
489234
489475
489679
489946
490178
490379
490638
490814
490977
491280
491510
491706
491942
492107
492309
492591
492850
493080
493288
493529
493800
494013
494217
494383
494612
494878
495300
495570
495872
496145
496406
496636
496927
497203
497413
497737
497940
498174
498339
498589
498774
498988
499201
499466
499687
500017
500453
500766
500986
501251
501547
501721
502011
502212
502431
502683
502872
503121
503276
503437
503663
503898
504072
504298
504676
504875
505149
505331
505513
505667
505871
506034
506248
506535
506833
507063
507292
507528
507820
508004
508245
508457
508726
508967
509149
509375
509690
509916
510163
510319
510564
510810
510982
511193
511396
511617
511837
512000
512212
512422
512582
512848
513015
513262
513524
513831
514123
514367
514643
514864
515089
515411
515690
515901
516125
516411
516645
516891
517117
517352
517587
517881
518203
518437
518597
518849
519047
519278
519550
519848
520075
520303
520490
520723
520970
521270
521536
521764
522009
522269
522500
522676
522935
523270
523465
523816
524020
524252
524475
524628
524858
525056
525282
525455
525667
525905
526134
526296
526486
526649
526966
527219
527421
527587
527745
527975
528167
528308
528545
528779
528981
529251
529399
529573
529826
530136
530404
530694
530911
531223
531394
531612
531877
532270
532590
532804
533080
533288
533591
533818
533963
534122
534359
534546
534825
535001
535249
535573
535904
536091
536247
536423
536736
536984
537204
537403
537674
537933
538096
538303
538488
538740
538983
539282
539588
539843
540053
540197
540506
540790
541136
541371
541676
541954
542245
542430
542797
543038
543285
543470
543675
543898
544111
544338
544606
544849
545002
545302
545560
545787
546047
546288
546532
546775
547072
547351
547530
547799
548093
548267
548558
548760
549008
549176
549406
549681
549942
550154
550328
550506
550708
550868
551034
551197
551357
551519
551688
551859
552034
552197
552366
552525
552688
552851
553013
553178
553340
553506
553678
553847
554022
554199
554375
554561
554804
555019
555187
555343
555503
555666
555821
555984
556154
556326
556501
556674
556839
557005
557163
557318
557475
557631
557791
557947
558111
558280
558449
558622
558787
558952
559117
559274
559430
559586
559744
559903
560062
560227
560396
560560
560727
560891
561058
561222
561381
561542
561698
561854
562011
562166
562327
562488
562639
562803
562966
563134
563301
563459
563615
563765
563914
564068
564222
564379
564531
564692
564857
565026
565194
565360
565517
565677
565831
565984
566135
566291
566446
566604
566761
566923
567155
567383
567640
567863
568073
568352
568584
568772
569066
569313
569507
569893
570116
570464
570720
570910
571243
571518
571797
572050
572256
572408
572629
572838
573211
573425
573667
573921
574122
574361
574587
574844
575099
575296
575468
575703
575983
576239
576388
576705
576944
577117
577391
577639
577892
578234
578483
578781
578972
579160
579438
579751
580082
580340
580587
580729
580998
581184
581399
581697
581924
582200
582375
582528
582667
582836
583059
583268
583487
583694
584053
584318
584618
584879
585080
585309
585468
585621
585816
586040
586258
586523
586703
586873
587134
587297
587591
587799
588045
588390
588718
589042
589314
589543
589753
589971
590314
590573
590791
591051
591219
591537
591755
591986
592234
592622
592892
593145
593423
593668
593861
594099
594268
594475
594716
595056
595280
595480
595811
596020
596279
596504
596713
596851
597145
597413
597664
597957
598229
598432
598682
598852
599195
599390
599627
599797
600067
600356
600611
600829
601092
601466
601726
601958
602214
602371
602665
602894
603154
603461
603660
604003
604212
604407
604668
604891
605260
605432
605689
605957
606224
606565
606776
607046
607268
607466
607659
607856
608186
608360
608555
608832
609071
609267
609528
609750
609906
610158
610399
610693
611084
611297
611476
611724
611982
612160
612383
612691
612992
613182
613401
613578
613802
614037
614211
614510
614828
615115
615405
615687
615935
616256
616511
616758
616984
617169
617452
617740
618042
618219
618522
618687
619006
619345
619541
619841
620086
620313
620620
620831
621030
621348
621619
621912
622145
622446
622691
622862
623085
623338
623596
623854
624035
624376
624549
624756
624897
625039
625202
625447
625635
625918
626175
626552
626755
626958
627155
627371
627645
627866
628097
628306
628510
628784
629025
629350
629565
629848
630196
630429
630690
630876
631135
631316
631475
631696
631891
632061
632318
632481
632619
632822
633118
633359
633615
633943
634157
634423
634659
634935
635208
635435
635756
636130
636320
636611
636832
636966
637241
637473
637660
637814
638080
638365
638643
638925
639083
639299
639645
639873
640138
640464
640736
640953
641212
641358
641624
641851
642071
642277
642581
642895
643107
643388
643635
643837
644018
644311
644525
644722
645025
645292
645605
645896
646307
646461
646592
646857
647037
647308
647634
647861
648125
648346
648558
648724
649093
649343
649616
649878
