230
467
707
945
1189
1432
1672
1903
2146
2394
2637
2875
3114
3355
3595
3841
4085
4325
4562
4807
5060
5303
5544
5784
6025
6267
6515
6754
6993
7229
7472
7710
7949
8182
8421
8656
8900
9142
9376
9612
9852
10099
10339
10577
10811
11045
11280
11521
11768
12001
12238
12476
12723
12962
13205
13443
13687
13926
14171
14421
14664
14903
15147
15396
15641
15878
16119
16358
16599
16844
17089
17327
17563
17806
18051
18294
18533
18771
19010
19252
19501
19739
19982
20219
20465
20710
20954
21193
21436
21676
21928
22178
22421
22660
22904
23151
23394
23632
23872
24111
24348
24590
24836
25071
25307
25547
25792
26029
26268
26505
26746
26985
27227
27468
27707
27946
28191
28440
28680
28914
29151
29393
29635
29877
30116
30355
30596
30841
31088
31332
31568
31805
32043
32287
32531
32770
33010
33243
33484
33726
33966
34199
34434
34670
34912
35156
35396
35635
35871
36113
36355
36595
36830
37064
37302
37541
37783
38017
38256
38488
38730
38967
39206
39439
39673
39909
40150
40389
40626
40862
41097
41335
41573
41813
42044
42274
42508
42745
42984
43218
43456
43688
43929
44171
44413
44649
44889
45128
45374
45620
45859
46100
46341
46587
46828
47068
47307
47545
47784
48025
48269
48506
48747
48991
49240
49477
49716
49953
50198
50436
50681
50920
51161
51394
51636
51880
52120
52354
52591
52831
53076
53324
53567
53808
54043
54283
54531
54771
55005
55238
55477
55716
55958
56197
56438
56675
56920
57164
57407
57646
57888
58127
58370
58613
58849
59087
59324
59565
59803
60038
60272
60508
60744
60986
61228
61464
61701
61939
62188
62428
62668
62901
63137
63372
63614
63856
64089
64323
64563
64810
65050
65289
65528
65768
66007
66248
66493
66728
66964
67199
67444
67680
67914
68145
68380
68612
68851
69093
69328
69561
69796
70042
70282
70520
70757
70992
71226
71465
71709
71943
72175
72408
72649
72886
73123
73358
73594
73830
74069
74312
74547
74785
75023
75271
75509
75746
75983
76224
76466
76710
76957
77199
77436
77680
77931
78173
78413
78653
78896
79137
79380
79625
79868
80105
80349
80597
80841
81078
81321
81566
81814
82062
82302
82543
82785
83039
83282
83526
83764
84001
84238
84479
84727
84966
85204
85446
85694
85935
86175
86415
86658
86896
87139
87382
87627
87861
88102
88346
88586
88818
88971
89293
89534
89772
90011
90248
90478
90718
90961
91197
91426
91659
91899
92140
92380
92617
92853
93088
93332
93576
93812
94042
94275
94511
94748
94985
95216
95452
95683
95927
96167
96405
96637
96871
97105
97341
97579
97813
98044
98270
98503
98742
98972
99199
99426
99660
99886
100119
100351
100580
100803
101033
101267
101494
101719
101943
102164
102384
102608
102831
103051
103270
103487
103711
103939
104157
104374
104597
104823
105045
105273
105505
105729
105957
106182
106416
106646
106876
106995
107324
107506
107614
107837
107961
108088
108208
108321
108449
108678
108912
109171
109241
109368
109621
109690
109785
109891
110107
110299
110519
110751
110974
111199
111425
111661
111890
112121
112348
112581
112810
113047
113285
113518
113749
113854
114215
114452
114683
114910
115140
115369
115602
115835
116066
116295
116520
116752
116991
117223
117451
117683
117921
118154
118391
118626
118860
119088
119326
119564
119797
120024
120255
120489
120722
120958
121196
121430
121661
121903
122150
122386
122618
122854
123094
123330
123568
123805
124042
124274
124511
124754
124991
125226
125463
125702
125943
126188
126434
126676
126913
127158
127407
127649
127890
128130
128370
128616
128866
129108
129349
129596
129848
130092
130333
130573
130732
131058
131301
131541
131776
132007
132242
132483
132716
132950
133183
133420
133654
133897
134142
134377
134611
134853
135101
135339
135573
135806
136044
136277
136515
136753
136984
137214
137449
137691
137923
138156
138388
138623
138852
139091
139331
139566
139795
140030
140271
140504
140738
140972
141205
141436
141674
141917
142149
142382
142616
142859
143092
143330
143563
143798
144030
144271
144514
144746
144979
145214
145457
145693
145926
146157
146390
146623
146862
147101
147332
147565
147799
148042
148276
148509
148740
148972
149205
149440
149678
149908
150141
150370
150608
150841
151076
151303
151536
151766
152002
152237
152471
152703
152932
153166
153404
153638
153865
154095
154326
154557
154791
155023
155255
155482
155717
155956
156187
156885
157119
157356
157590
157822
158050
158286
158524
158755
158980
159210
159442
159672
159904
160139
160365
160592
160824
161064
161292
161523
161753
161984
162213
162448
162687
162913
163141
163371
163608
163838
164070
164296
164525
164751
164986
165221
165452
165683
165915
166151
166386
166621
166850
167081
167312
167546
167783
168012
168244
168471
168706
168941
169175
169403
169634
169869
170102
170339
170572
170805
171032
171267
171505
171739
171963
172192
172423
172653
172887
173122
173350
173580
173815
174058
174291
174524
174755
174989
175221
175456
175694
175922
176152
176384
176621
176852
177086
177316
177548
177777
178014
178254
178486
178719
178950
179186
179421
179655
179882
180107
180335
180566
180799
181027
181259
181483
181717
181954
182184
182410
182639
182873
183103
183336
183568
183798
184023
184257
184495
184722
184949
185181
185413
185646
185881
186121
186351
186582
186815
187056
187287
187521
187748
187978
188204
188438
188669
188892
189117
189338
189568
189797
190026
190244
190467
190692
190918
191146
191375
191597
191817
192044
192275
192498
192723
192947
193170
193396
193627
193862
194088
194318
194549
194789
195021
195255
195486
195718
195947
196183
196417
196646
196877
197107
197344
197579
197813
198043
198274
198510
198749
198989
199222
199459
199695
199936
200176
200416
200648
200881
201033
201351
201592
201821
202054
202283
202519
202755
202993
203223
203455
203688
203929
204170
204407
204641
204874
205113
205353
205589
205821
206051
206285
206520
206757
206988
207221
207451
207689
207927
208164
208393
208626
208862
209100
209341
209575
209811
210046
210288
210531
210767
210996
211228
211464
211704
211943
212175
212411
212645
212885
213128
213365
213594
213828
214065
214303
214542
214773
215009
215238
215476
215715
215951
216178
216410
216644
216879
217115
217351
217586
217817
218052
218294
218526
218757
218988
219223
219454
219690
219926
220165
220395
220631
220871
221105
221339
221576
221818
222052
222290
222529
222767
223000
223237
223479
223713
223944
224176
224412
224643
224878
225115
225347
225578
225811
226055
226288
226519
226746
226979
227207
227441
227673
227902
228126
228357
228593
228825
229053
229280
229510
229737
229973
230210
230439
230595
230897
231137
231366
231600
231829
232057
232285
232519
232758
232987
233220
233451
233692
233928
234165
234398
234633
234867
234984
235346
235583
235817
236052
236289
236523
236756
236990
237224
237460
237700
237943
238182
238424
238667
238918
239159
239402
239641
239885
240121
240364
240606
240842
241077
241314
241558
241796
242033
242271
242513
242751
242993
243236
243475
243710
243949
244196
244433
244669
244904
245145
245379
245620
245858
246097
246331
246573
246818
247057
247292
247531
247771
248012
248253
248493
248733
248968
249209
249453
249692
249928
250164
250404
250647
250891
251129
251368
251605
251847
252091
252333
252567
252802
253039
253283
253529
253768
254007
254245
254489
254734
254975
255210
255446
255683
255926
256171
256409
256645
256882
257128
257368
257607
257841
258078
258313
258554
258799
259035
259269
259509
259757
259998
260239
260479
260724
260962
261205
261449
261687
261921
262162
262411
262652
262888
263124
263366
263612
263856
264095
264333
264570
264816
265060
265300
265533
265767
266003
266244
266485
266721
266956
267193
267438
267680
267922
268160
268398
268634
268878
269124
269361
269596
269831
270078
270315
270553
270788
271023
271257
271497
271738
271974
272206
272444
272689
272924
273157
273391
273631
273867
274107
274344
274582
274812
275051
275292
275525
275752
275984
276221
276454
276690
276927
277157
277386
277619
277860
278092
278322
278551
278785
279013
279247
279481
279710
279937
280164
280400
280633
280865
281088
281316
281544
281778
282010
282240
282469
282697
282931
283167
283399
283624
283849
284081
284311
284543
284772
285002
285227
285460
285697
285927
286155
286385
286619
286850
287081
287316
287543
287771
287999
288233
288458
288684
288912
289136
289361
289587
289819
290047
290275
290501
290732
290968
291199
291423
291652
291886
292116
292346
292578
292809
293034
293266
293500
293731
293959
294193
294430
294663
294902
295142
295377
295610
295846
296032
296322
296564
296792
297025
297263
297498
297735
297967
298205
298441
298686
298921
299162
299399
299643
299882
300118
300364
300602
300835
301071
301318
301559
301786
302017
302254
302498
302737
302973
303206
303445
303692
303937
304177
304403
304644
304883
305127
305366
305596
305838
306073
306315
306553
306798
307031
307267
307502
307749
307995
308233
308469
308711
308959
309196
309435
309673
309913
310148
310387
310634
310873
311108
311348
311599
311840
312075
312311
312558
312803
313045
313284
313520
313761
314002
314246
314484
314723
314961
315203
315447
315688
315929
316171
316410
316656
316902
317153
317392
317633
317874
318128
318379
318624
318864
319113
319368
319617
319856
320098
320347
320594
320843
321090
321337
321581
321833
322084
322331
322579
322823
323066
323311
323566
323807
324050
324287
324543
324789
325038
325278
325524
325767
326012
326258
326499
326742
326990
327243
327489
327724
327961
328201
328448
328689
328931
329177
329410
329657
329902
330142
330377
330614
330855
331097
331336
331568
331808
332038
332278
332515
332754
332984
333216
333350
333688
333854
334013
334148
334396
334631
334872
335110
335356
335588
335823
336059
336301
336545
336781
337022
337259
337507
337746
337990
338231
338481
338720
338964
339208
339452
339691
339939
340187
340426
340654
340896
341141
341382
341623
341857
342101
342336
342583
342831
343078
343314
343551
343785
344033
344279
344514
344748
344980
345227
345465
345703
345936
346169
346409
346655
346901
347137
347376
347614
347857
348100
348343
348817
349051
349296
349539
349773
350005
350242
350491
350733
350968
351207
351448
351686
351929
352171
352408
352640
352877
353121
353359
353592
353822
354061
354294
354534
354773
355008
355239
355477
355728
355964
356199
356433
356679
356912
357151
357385
357622
357848
358091
358332
358568
358796
359030
359271
359505
359742
359981
360219
360448
360682
360924
361155
361393
361627
361863
362094
362333
362579
362818
363049
363290
363542
363785
364021
364259
364503
364751
364996
365238
365480
365725
365974
366222
366463
366707
366952
367199
367445
367696
367944
368189
368435
368693
368938
369184
369429
369678
369920
370171
370418
370665
370904
371153
371409
371660
371902
372151
372400
372654
372912
373157
373401
373656
373916
374162
374405
374652
374901
375148
375396
375642
375886
376127
376378
376626
376874
377115
377360
377605
377852
378100
378343
378580
378829
379081
379324
379561
379806
380053
380301
380553
380796
381045
381292
381548
381798
382048
382295
382545
382792
383046
383300
383552
383794
384051
384306
384560
384806
385053
385302
385555
385813
386063
386306
386556
386814
387065
387313
387559
387811
388062
388319
388571
388821
389069
389330
389585
389840
390088
390343
390596
390853
391109
391360
391607
391867
392125
392376
392623
392872
393125
393378
393634
393882
394128
394383
394643
394892
395135
395385
395636
395890
396142
396390
396639
396886
397143
397394
397643
397891
398142
398389
398642
398900
399152
399398
399652
399910
400164
400412
400660
400909
401162
401421
401672
401917
402172
402432
402684
402931
403184
403438
403695
403953
404204
404454
404707
404969
405223
405471
405721
405974
406228
406485
406739
406991
407239
407506
407767
408025
408274
408530
408784
409043
409297
409548
409797
410059
410318
410575
410827
411083
411338
411599
411859
412115
412366
412625
412886
413139
413390
413640
413886
414140
414395
414647
414895
415150
415409
415665
415911
416165
416415
416672
416933
417184
417433
417691
417951
418204
418446
418697
418950
419206
419467
419719
419973
420228
420497
420752
421006
421257
421516
421771
422033
422285
422537
422787
423050
423305
423559
423812
424068
424325
424587
424848
425106
425357
425620
425877
426131
426384
426636
426886
427146
427401
427654
427905
428166
428423
428681
428933
429191
429443
429703
429960
430215
430464
430722
430982
431236
431488
431741
431995
432125
432508
432690
432997
433257
433523
433779
434028
434279
434531
434788
435046
435298
435550
435804
436070
436327
436580
436836
437095
437355
437617
437876
438133
438390
438654
438913
439165
439419
439677
439930
440189
440443
440698
440953
441216
441472
441727
441982
442243
442499
442758
443016
443271
443527
443793
444052
444307
444561
444821
445080
445343
445597
445850
446104
446372
446628
446882
447136
447395
447654
447918
448174
448431
448686
448956
449212
449469
449725
449981
450237
450503
450768
451031
451293
451563
451825
452086
452347
452609
452873
453139
453399
453659
453923
454195
454456
454712
454973
455238
455504
455773
456034
456291
456556
456822
457083
457336
457595
457854
458114
458380
458635
458893
459155
459426
459690
459953
460216
460478
460746
461014
461279
461535
461804
462072
462340
462599
462866
463127
463396
463662
463928
464190
464460
464724
464982
465243
465504
465761
466024
466280
466540
466799
467066
467327
467586
467848
468117
468379
468647
468908
469171
469432
469699
469959
470213
470471
470732
470993
471256
471516
471773
472033
472303
472561
472816
473068
473330
473590
473852
474108
474362
474616
474883
475136
475391
475646
475907
476166
476425
476684
476939
477196
477457
477717
477970
478225
478483
478737
478851
479242
479499
479754
480016
480273
480529
480783
481046
481300
481562
481818
482076
482329
482596
482853
483109
483361
483496
483871
484131
484389
484642
484897
485160
485418
485672
485925
486180
486433
486692
486948
487203
487454
487717
487976
488237
488492
488754
489013
489281
489544
489807
490066
490334
490598
490857
491114
491375
491635
491896
492156
492273
492666
492935
493194
493447
493704
493964
494223
494487
494744
495002
495258
495527
495785
496040
496298
496558
496819
497082
497341
497598
497854
498123
498386
498643
498898
499157
499418
499681
499938
500194
500447
500715
500972
501231
501485
501746
502006
502267
502527
502783
503042
503310
503570
503828
504091
504356
504622
504890
505156
505423
505692
505965
506232
506497
506764
507032
507301
507576
507845
508109
508380
508651
508916
509176
509442
509706
509972
510240
510506
510766
511036
511303
511564
511825
512088
512347
512612
512871
513130
513384
513650
513907
514166
514420
514582
514935
515064
515458
515719
515973
516237
516494
516750
517002
517259
517512
517773
518032
518291
518549
518817
519080
519343
519607
519872
520137
520408
520670
520932
521194
521465
521728
521982
522242
522501
522765
523032
523294
523551
523819
524092
524215
524624
524888
525154
525418
525693
525819
526158
526362
526485
526596
526693
526791
526895
527010
527219
527316
527506
527742
527978
528233
528472
528720
528951
529225
529511
529768
530049
530309
530493
530595
530898
531090
531394
531615
531807
531917
532187
532445
532708
532973
533241
533507
533773
534035
534151
534572
534834
535092
535357
535619
535884
536144
536403
536663
536935
537199
537454
537714
537975
538239
538500
538756
539012
539268
539536
539794
540050
540310
540574
540839
541108
541369
541635
541901
542176
542442
542699
542961
543223
543486
543753
544013
544270
544536
544806
545071
545325
545586
545852
546117
546388
546646
546904
547170
547438
547701
547957
548223
548485
548756
549024
549294
549554
549827
550102
550369
550638
550905
551173
551447
551716
551983
552249
552527
552798
553062
553331
553598
553866
554144
554410
554675
554945
555211
555475
555733
555995
556252
556515
556775
557035
557295
557562
557827
558091
558355
558625
558892
559163
559428
559695
559957
560232
560495
560755
561013
561276
561539
561808
562067
562326
562590
562860
563126
563382
563644
563907
564174
564442
564705
564962
565231
565498
565763
566022
566287
566553
566822
567092
567359
567622
567896
568165
568434
568698
568969
569233
569502
569766
570031
570291
570564
570830
571087
571350
571612
571881
572150
572411
572672
572938
573211
573475
573734
573995
574260
574525
574794
575058
575317
575587
575859
576127
576388
576656
576918
577188
577457
577720
577980
578248
578511
578773
579034
579297
579560
579824
580089
580353
580615
580884
581147
581408
581666
581932
582191
582456
582714
582974
583233
583501
583762
584018
584279
584543
584808
585074
585335
585595
585857
586128
586392
586650
586911
587173
587438
587709
587971
588232
588501
588775
589047
589308
589573
589836
590103
590370
590633
590889
591158
591420
591682
591941
592205
592469
592734
593001
593266
593533
593809
594076
594339
594489
594870
595136
595406
595666
595928
596192
596466
596731
596991
597258
597522
597796
598065
598331
598592
598862
599132
599395
599653
599915
600179
600446
600711
600977
601240
601515
601781
602048
602313
602584
602853
603125
603388
603650
603914
604186
604452
604710
604977
605240
605509
605630
606039
606299
606438
606830
607091
607347
607604
607862
608123
608283
608642
608899
609164
609431
609693
609949
610209
610468
610735
611001
611262
611517
611783
612050
612313
612571
612830
613090
613354
613620
613883
614139
614406
614671
614936
615196
615455
615714
615981
616105
616507
616762
617029
617289
617549
617805
618068
618331
618594
618860
619125
619390
619661
619928
620190
620453
620722
620986
621254
621515
621779
622044
622316
622583
622845
623112
623377
623649
623922
624189
624449
624720
624991
625259
625518
625783
626045
626311
626576
626839
627099
627372
627633
627896
628155
628421
628687
628953
629216
629478
629742
630014
630273
630532
630794
631057
631323
631588
631850
632110
632378
632647
632910
633168
633432
633693
633957
634223
634482
634740
635005
635273
635533
635789
636051
636314
636585
636849
637115
637378
637650
637914
638177
638435
638698
638960
639224
639484
639743
640002
640273
640540
640803
641068
641336
641608
641877
642145
642409
642677
642952
643217
643476
643739
644003
644273
644540
644806
645070
645344
645617
645883
646145
646413
646679
646946
647211
647473
647736
648008
648272
648534
648796
649061
649327
649597
649858
