51
297
836
1063
1589
1806
2343
2577
3112
3340
3858
4075
4638
4873
5410
5632
6161
6392
6940
7175
7701
7920
8438
8676
9215
9447
9949
10180
10689
10922
11451
11683
12197
12420
12937
13184
13347
13700
13991
14124
14263
14505
14748
14913
15040
15233
15365
15497
15667
15807
16075
16320
16373
16481
16700
16805
16920
17040
17259
17418
17541
17669
17799
18081
18247
18825
19095
19580
19805
19989
20105
20272
20433
20495
20614
20723
20941
21048
21162
21282
21402
21587
22117
22355
22664
22904
23157
23485
23746
24178
24517
24848
25167
25478
25757
26146
26402
26811
27055
27459
27768
28039
28184
28717
28967
29116
29455
29830
30088
30567
30831
31262
31597
31927
32267
32619
32967
33322
33606
33996
34330
34690
35059
35403
35743
36088
36422
36774
37129
37482
37831
38164
38492
38849
39216
39558
39906
40246
40582
40933
41284
41637
41983
42314
42643
42967
43316
43668
44003
44337
44671
44991
45328
45669
46007
46292
46662
46905
47307
47596
47748
48002
48248
48669
48864
49331
49528
50026
50231
50725
50917
51384
51578
52090
52298
52785
53039
53472
53720
54160
54428
54869
55559
56267
56539
56975
57667
57924
58370
59090
59351
59785
60491
60753
61218
61469
61912
62164
62602
63324
63530
64032
64277
64730
64943
65458
66158
66860
67591
68301
68496
68996
69206
69733
70434
70638
71132
71865
72071
72581
73280
74019
74218
74726
75429
75639
76173
76380
76887
77081
77585
77794
78331
78532
79047
79249
79747
79958
80491
80697
81213
81410
81909
82121
82644
82844
83355
83556
84063
84273
84806
85014
85515
85712
86215
86426
86656
87022
87265
87430
87553
87744
88092
88222
88491
88619
89131
89880
90259
90603
90733
90870
91544
91664
91770
91880
91996
92104
92213
92421
92522
92631
92738
92846
92957
93071
93189
93300
93416
93703
93776
93924
94420
95188
95549
95902
96163
96302
96888
97113
97301
97395
97514
97579
97692
97804
98024
98141
98397
98502
98611
98862
99067
99125
99338
99393
99494
99605
99698
99812
99916
100012
100115
100218
100326
100428
100549
100703
100787
100955
101407
102130
102382
102765
103071
103369
103679
103849
103990
104291
104580
104870
105158
105468
105718
106025
106323
106610
106903
107181
107453
107730
108016
108340
108605
108880
109101
109370
109637
109896
110170
110452
110731
111000
111267
111523
111788
112046
112328
112606
112880
113142
113409
113678
113945
114199
114475
114755
115036
115308
115614
115873
116092
116357
116632
116906
117180
117446
117700
117954
118192
118470
118715
118921
119186
119434
119680
119929
120199
120408
120657
120909
121184
121445
121695
121959
122205
122474
122730
123008
123299
123586
123868
124142
124416
124687
124960
125244
125526
125810
126085
126357
126632
126897
127163
127444
127735
128017
128293
128562
128828
129091
129365
129654
129939
130213
130487
130767
131039
131335
131574
131861
132148
132430
132708
132975
133244
133516
133796
134085
134369
134646
134926
135202
135475
135747
136030
136325
136619
136903
137175
137450
137721
137998
138296
138593
138876
139165
139454
139733
140005
140295
140589
140892
141186
141469
141748
142030
142316
142619
142913
143205
143499
143788
144075
144356
144636
144943
145252
145544
145834
146122
146396
146691
147000
147301
147596
147893
148180
148466
148744
149040
149338
149634
149923
150206
150482
150760
150919
151052
151350
151636
151923
152204
152484
152761
153032
153315
153616
153909
154227
154463
154738
155004
155287
155582
155871
156153
156439
156718
156993
157257
157536
157826
158119
158405
158684
158956
159230
159508
159798
160081
160364
160643
160956
161195
161465
161729
162014
162312
162591
162865
163138
163411
163677
163962
164247
164532
164813
165098
165369
165640
165900
166179
166509
166757
167037
167316
167584
167857
168129
168410
168694
168975
169248
169524
169798
170063
170323
170608
170905
171187
171459
171765
172033
172299
172572
172812
173096
173374
173656
173930
174202
174463
174741
175028
175316
175600
175880
176149
176424
176695
176978
177262
177548
177824
178105
178385
178656
178921
179210
179508
179793
180068
180342
180614
180889
181164
181451
181743
182025
182311
182588
182860
183122
183410
183699
183989
184273
184552
184823
185103
185373
185657
185947
186237
186517
186616
186801
187081
187355
187625
187920
188214
188502
188779
189056
189333
189605
189890
190184
190472
190760
191052
191333
191604
191877
192166
192468
192765
193048
193324
193609
193887
194170
194465
194761
195049
195342
195627
195905
196179
196476
196778
197076
197359
197642
197924
198204
198497
198799
199097
199396
199691
199974
200253
200536
200832
201139
201436
201726
202014
202306
202583
202877
203177
203475
203771
204064
204345
204625
204907
205251
205514
205806
206095
206382
206668
206950
207244
207539
207837
208133
208421
208699
208979
209259
209562
209867
210161
210447
210737
211025
211308
211603
211903
212201
212497
212785
213071
213345
213643
213950
214253
214544
214840
215126
215416
215702
216003
216305
216616
216909
217196
217484
217767
218073
218391
218693
218990
219288
219585
219871
220169
220477
220784
221087
221385
221679
221961
222267
222581
222892
223191
223493
223786
224085
224379
224688
225002
225314
225615
225909
226202
226495
226814
227129
227437
227736
228036
228333
228623
228969
229246
229552
229858
230157
230448
230740
231060
231375
231679
231981
232276
232580
232875
233186
233505
233826
234130
234427
234722
235011
235326
235644
235952
236251
236554
236855
237144
237446
237764
238077
238386
238689
238983
239274
239588
239904
240214
240520
240820
241126
241420
241730
242050
242375
242685
242987
243288
243583
243896
244220
244539
244842
245152
245457
245749
246058
246381
246702
247021
247326
247622
247924
248240
248563
248880
249191
249500
249811
250108
250425
250756
251082
251400
251703
252011
252312
252635
252963
253279
253593
253917
254224
254524
254852
255177
255501
255816
256122
256430
256745
257069
257391
257708
258023
258338
258644
258958
259285
259619
259937
260242
260549
260848
261166
261499
261823
262138
262462
262772
263072
263393
263720
264050
264373
264683
264991
265310
265636
265966
266286
266604
266920
267231
267541
267865
268202
268522
268831
269143
269447
269769
270106
270434
270755
271081
271394
271697
272020
272352
272688
273008
273325
273643
273968
274306
274638
274969
275295
275618
275931
276252
276593
276936
277261
277580
277899
278216
278560
278899
279230
279573
279896
280214
280539
280887
281238
281568
281898
282238
282564
282914
283266
283608
283953
284286
284616
284954
285322
285668
286004
286347
286677
287016
287370
287716
288064
288402
288733
289060
289411
289771
290116
290454
290786
291121
291472
291819
292165
292506
292851
293180
293517
293888
294241
294583
294922
295257
295597
295947
296301
296652
296993
297328
297658
298013
298372
298722
299063
299397
299736
300081
300433
300781
301126
301470
301800
302141
302508
302859
303198
303534
303874
304211
304563
304915
305268
305610
305944
306274
306625
306984
307332
307670
308008
308343
308685
309041
309391
309741
310084
310416
310752
311117
311473
311813
312151
312489
312826
313180
313531
313892
314236
314565
314897
315246
315608
315954
316295
316638
316969
317312
317670
318018
318373
318710
319040
319379
319738
320090
320427
320765
321104
321438
321791
322144
322499
322841
323168
323497
323843
324206
324553
324890
325240
325574
325912
326272
326626
326977
327314
327647
327988
328345
328699
329045
329386
329727
330062
330412
330766
331121
331456
331791
332117
332463
332829
333174
333520
333868
334238
334543
334897
335253
335600
335932
336268
336606
336964
337315
337658
338002
338343
338675
339022
339383
339736
340076
340411
340740
341094
341462
341811
342161
342508
342844
343182
343541
343901
344252
344596
344933
345282
345646
346001
346355
346699
347043
347381
347735
348103
348453
348796
349136
349469
349762
350128
350482
350844
351188
351523
351871
352232
352599
352946
353286
353665
353978
354339
354690
355036
355380
355722
356055
356418
356787
357135
357478
357817
358157
358520
358879
359231
359582
359925
360255
360613
360980
361339
361689
362029
362375
362734
363090
363446
363796
364143
364476
364825
365201
365555
365905
366246
366620
366937
367293
367646
368000
368342
368678
369017
369377
369745
370092
370431
370773
371110
371464
371820
372164
372515
372857
373183
373545
373911
374261
374604
374941
375277
375628
375990
376344
376700
377043
377377
377724
378088
378450
378801
379139
379489
379828
380185
380546
380895
381246
381585
381926
382294
382651
382995
383376
383696
384034
384388
384752
385106
385462
385798
386133
386486
386849
387205
387545
387892
388229
388576
388941
389294
389648
389993
390328
390672
391040
391399
391739
392082
392424
392768
393131
393489
393853
394199
394536
394876
395237
395606
395956
396301
396656
396994
397353
397716
398072
398424
398767
399100
399461
399827
400178
400521
400862
401200
401589
401912
402271
402619
402955
403327
403634
403999
404354
404698
405047
405388
405726
406081
406439
406794
407132
407468
407805
408165
408525
408873
409218
409561
409898
410250
410610
410971
411317
411652
411986
412341
412713
413064
413415
413766
414103
414446
414806
415166
415518
415858
416196
416543
416908
417265
417613
417955
418300
418635
418990
419357
419705
420047
420390
420719
421088
421447
421793
422146
422485
422818
423166
423525
423882
424231
424570
424904
425261
425620
425970
426318
426658
427002
427340
427696
428065
428413
428756
429096
429435
429803
430160
430510
430861
431207
431540
431901
432269
432628
432979
433319
433666
434030
434389
434746
435095
435443
435777
436132
436505
436862
437211
437550
437885
438243
438601
438958
439308
439650
439990
440332
440697
441060
441409
441752
442092
442439
442796
443154
443505
443855
444197
444534
444901
445265
445619
445963
446303
446648
447009
447373
447728
448082
448429
448764
449125
449493
449849
450198
450539
450885
451240
451599
451955
452308
452657
452991
453343
453716
454074
454418
454760
455141
455449
455811
456168
456523
456870
457204
457582
457907
458268
458618
458957
459300
459680
459999
460357
460711
461063
461400
461734
462096
462457
462806
463147
463490
463828
464181
464545
464900
465255
465595
465927
466280
466646
467008
467357
467703
468052
468400
468764
469124
469482
469832
470175
470519
470891
471260
471605
471956
472305
472651
473013
473378
473740
474086
474427
474765
475125
475495
475841
476189
476579
476911
477233
477591
477946
478297
478636
478969
479332
479696
480047
480398
480742
481080
481438
481798
482164
482518
482856
483196
483550
483924
484284
484635
484992
485370
485681
486047
486410
486767
487113
487456
487810
488181
488579
488897
489248
489595
489940
490303
490674
491030
491374
491717
492061
492436
492794
493144
493498
493835
494172
494531
494890
495250
495593
495934
496276
496637
496998
497353
497698
498085
498383
498732
499104
499464
499812
500158
500493
500857
501226
501579
501936
502286
502622
502969
503336
503699
504052
504400
504782
505097
505463
505824
506180
506533
506881
507226
507604
507976
508332
508685
509028
509383
509756
510118
510517
510835
511179
511521
511890
512256
512611
512958
513300
513650
514012
514370
514724
515075
515419
515759
516127
516495
516849
517195
517537
517882
518242
518608
518966
519318
519664
520001
520361
520731
521090
521439
521783
522128
522484
522850
523208
523566
523915
524250
524615
524985
525341
525696
526040
526385
526743
527109
527473
527834
528180
528519
528878
529248
529609
529961
530303
530688
530995
531355
531758
532074
532421
532763
533108
533477
533840
534189
534536
534885
535227
535593
535963
536321
536673
537013
537353
537720
538089
538443
538791
539147
539485
539847
540215
540574
540931
541274
541614
541981
542350
542702
543054
543409
543750
544114
544484
544847
545201
545546
545888
546248
546628
546987
547341
547705
548047
548407
548785
549145
549503
549848
550235
550567
550917
551313
551654
551928
552424
552474
552645
553107
553371
553856
554560
554812
554992
555189
555309
555428
555902
556242
556354
556485
556647
556826
556941
557061
557180
557291
557407
557524
557570
557680
557794
557986
558096
558206
558621
558686
559157
559279
559394
559463
559515
559642
559755
559819
559901
560038
560194
560256
560376
560460
560534
560639
560802
560841
561354
561467
561954
562023
562131
562487
562584
562687
562830
563126
563228
563333
563442
563590
563697
563804
563908
563970
564137
564240
564343
564443
564616
564717
564815
564878
565031
565122
565316
565412
565511
565691
565792
565897
566002
566107
566212
566314
566515
566740
566802
567031
567093
567195
567294
567394
567487
567583
567682
567785
567929
568025
568175
568326
568426
568525
568620
568719
568818
568915
568970
569066
569164
569257
569349
569443
569539
569626
569722
569819
569916
570013
570116
570267
570370
570422
570567
570619
570713
570808
570899
570995
571088
571182
571278
571374
571464
571560
571653
571886
571988
572039
572187
572338
572440
572536
572633
572730
572827
572927
573030
573130
573226
573363
573457
573828
573916
574010
574110
574210
574403
574559
574664
574765
574868
574964
575157
575260
575494
575683
576057
576109
576201
576399
576500
576650
576700
576897
577048
577145
577384
577536
577732
577825
577925
578016
578155
578294
578390
578589
578738
578850
578950
579049
579153
579257
579351
579446
579545
579641
579738
579833
579885
580023
580169
580266
580367
580453
580555
580801
580933
581066
581173
581358
581566
581721
581863
582078
582172
582356
582449
582537
582633
582822
582912
583010
583112
583214
583314
583506
583692
583789
583842
583979
584084
584294
584389
584487
584639
584768
584873
584978
585173
585368
585469
585530
585671
585767
585964
586234
586338
586663
586851
586968
587087
587290
587393
587503
587723
587797
587933
587985
588087
588188
588304
588415
588521
588623
588775
588919
589055
589170
589290
589412
589542
589676
590586
591406
591464
592269
592328
592840
593283
593700
594136
594554
594962
595359
595768
596197
596604
597010
597404
597799
598211
598638
599050
599450
599834
600243
600662
601062
601452
601833
602202
602591
602977
603352
603707
604046
604399
604759
605108
605455
605789
606125
606447
606787
607136
607464
607785
608094
608400
608716
609047
609370
609681
609996
610307
610603
610907
611230
611550
611866
612171
612468
613016
613425
613749
614294
614713
615029
615367
615726
616069
616408
616741
617068
617426
617768
618117
618466
618823
619175
619539
619911
620293
620666
621021
621387
621757
622146
622517
622885
623252
623591
623950
624324
624695
625048
625386
625717
626069
626416
626752
627090
627418
627734
628038
628368
628703
629034
629347
629637
629954
630178
630493
630729
630930
631213
631441
631628
631810
631979
632111
632310
632484
632621
632802
632979
633194
633369
633541
633711
633881
634051
634185
634357
634540
634724
634910
635133
635276
635458
635647
635829
636005
636174
636343
636509
636691
636878
637067
637248
637434
637610
637793
637973
638146
638322
638495
638657
638832
639015
639248
639434
639573
639746
639928
640103
640292
640459
640630
640796
640968
641148
641347
641529
641711
641890
642069
642238
642415
642589
642769
642943
643118
643290
643478
643660
643843
644025
644207
644385
644563
644732
644906
645076
645256
645429
645615
645800
645993
646175
646359
646527
646707
646889
647075
647239
647416
647599
647790
647973
648150
648338
648529
648712
648883
649064
649245
649414
649586
649781
