189
425
659
890
1113
1336
1553
1774
1999
2236
2476
2705
2934
3164
3389
3618
3845
4060
4292
4529
4767
5009
5246
5479
5701
5927
6145
6375
6621
6864
7106
7341
7570
7803
8039
8261
8492
8726
8966
9203
9430
9666
9906
10137
10373
10599
10843
11100
11352
11594
11829
12066
12302
12529
12757
13006
13246
13487
13719
13952
14186
14412
14638
14848
15075
15316
15552
15780
16018
16246
16472
16690
16910
17145
17380
17618
17848
18075
18303
18522
18748
18973
19149
19404
19640
19873
20107
20334
20559
20780
20996
21211
21432
21666
21911
22158
22388
22617
22839
23065
23291
23502
23730
23959
24169
24417
24641
24871
25097
25314
25496
25736
25968
26207
26443
26671
26891
27116
27339
27554
27762
27985
28219
28452
28678
28902
29131
29357
29574
29784
29999
30223
30457
30691
30923
31155
31383
31611
31834
32058
32300
32545
32788
33028
33261
33493
33720
33920
34170
34389
34621
34856
35097
35332
35558
35782
36001
36170
36408
36641
36877
37116
37341
37573
37795
38017
38243
38461
38675
38897
39130
39364
39586
39812
40039
40259
40477
40684
40907
41142
41378
41611
41833
42057
42276
42451
42710
42931
43172
43415
43642
43888
44122
44357
44582
44803
45014
45238
45467
45702
45936
46165
46388
46608
46827
47050
47269
47499
47738
47968
48198
48428
48656
48884
49110
49324
49552
49781
50017
50258
50487
50715
50936
51161
51386
51597
51835
52080
52318
52553
52779
53007
53231
53409
53650
53870
54094
54321
54547
54773
55000
55228
55447
55668
55876
56106
56346
56577
56746
56985
57214
57435
57651
57864
58087
58317
58551
58782
59011
59237
59468
59689
59910
60120
60344
60580
60817
61055
61290
61515
61739
61962
62192
62422
62662
62908
63148
63384
63622
63860
64097
64330
64548
64782
65018
65257
65500
65728
65955
66174
66396
66614
66840
67080
67324
67555
67781
68010
68240
68470
68690
68908
69136
69367
69556
69817
70046
70277
70496
70712
70920
71147
71393
71635
71876
72104
72338
72569
72792
73022
73246
73478
73717
73950
74181
74414
74641
74870
75088
75299
75531
75767
76007
76250
76482
76716
76938
77163
77393
77613
77847
78078
78313
78546
78769
78993
79215
79426
79633
79848
80075
80306
80531
80747
80963
81175
81387
81602
81808
82030
82265
82492
82718
82932
83150
83370
83582
83793
83992
84214
84441
84663
84891
85112
85336
85546
85748
85970
86182
86414
86643
86875
87093
87309
87531
87744
87962
88180
88394
88619
88843
89069
89298
89522
89736
89948
90162
90365
90578
90794
91018
91240
91451
91660
91868
92073
92279
92487
92683
92894
93045
93285
93502
93705
93914
94118
94325
94525
94717
94916
95088
95331
95549
95753
95957
96122
96345
96540
96733
96925
97127
97339
97544
97752
97950
98148
98350
98552
98746
98941
99121
99324
99531
99737
99941
100143
100347
100542
100739
100927
101117
101306
101510
101711
101915
102113
102309
102500
102697
102886
103078
103269
103455
103651
103844
104050
104255
104458
104658
104853
105045
105233
105425
105611
105807
106011
106216
106425
106619
106815
107007
107199
107341
107546
107737
107942
108142
108342
108538
108741
108934
109131
109323
109515
109702
109881
110022
110231
110444
110657
110853
111045
111236
111429
111619
111807
111990
112185
112390
112542
112749
112955
113149
113348
113545
113737
113929
114113
114299
114495
114701
114901
115107
115306
115508
115704
115900
116090
116282
116485
116692
116902
117108
117317
117517
117722
117921
118090
118322
118516
118719
118928
119138
119352
119565
119770
119976
120168
120365
120565
120759
120969
121177
121392
121597
121797
121992
122188
122332
122569
122761
122954
123150
123361
123568
123771
123972
124130
124366
124561
124757
124942
125087
125303
125518
125723
125928
126077
126285
126487
126684
126874
127067
127260
127467
127671
127845
128068
128268
128472
128670
128805
129033
129225
129410
129612
129814
130027
130235
130437
130594
130821
131015
131206
131397
131595
131798
132006
132204
132406
132601
132798
132957
133181
133380
133567
133762
133964
134171
134381
134580
134787
134991
135183
135378
135538
135752
135953
136161
136371
136576
136781
136977
137172
137366
137566
137758
137906
138129
138332
138535
138741
138889
139102
139306
139508
139700
139891
140070
140264
140459
140673
140872
141075
141262
141428
141643
141837
142031
142218
142374
142608
142820
143024
143226
143428
143638
143836
144019
144225
144414
144615
144824
145031
145244
145456
145658
145860
146059
146261
146465
146666
146880
147104
147319
147537
147753
147966
148123
148381
148601
148805
149021
149238
149464
149692
149906
150122
150286
150528
150741
150941
151162
151388
151617
151770
151903
152034
152166
152301
152435
152569
152704
152835
152967
153097
153229
153369
153510
153652
153797
153935
154072
154205
154425
154644
154853
155055
155251
155467
155695
155853
155985
156201
156421
156638
156854
157073
157294
157514
157742
157981
158222
158459
158695
158924
159125
159368
159581
159815
160053
160292
160533
160755
160981
161204
161433
161657
161882
162119
162345
162595
162828
163063
163299
163535
163759
163980
164214
164462
164712
164951
165185
165415
165644
165871
166092
166330
166577
166817
167049
167279
167516
167706
167977
168196
168436
168677
168915
169157
169388
169616
169850
170076
170295
170531
170781
171027
171259
171488
171724
171949
172175
172405
172625
172861
173098
173340
173579
173812
173985
174248
174482
174700
174929
175169
175407
175643
175873
176100
176282
176546
176774
176999
177226
177465
177701
177928
178160
178388
178619
178845
179063
179300
179547
179792
180029
180257
180484
180705
180896
181137
181364
181598
181826
182054
182279
182515
182684
182825
183031
183300
183541
183781
184016
184252
184479
184704
184927
185144
185362
185556
185811
186050
186284
186513
186717
186971
187202
187430
187654
187834
188116
188353
188595
188830
189057
189281
189505
189726
189947
190183
190424
190664
190890
191118
191343
191571
191803
192028
192264
192504
192743
192984
193218
193452
193685
193914
194128
194359
194606
194849
195083
195315
195546
195753
195991
196216
196441
196677
196914
197150
197378
197609
197842
198067
198290
198503
198736
198952
199219
199460
199700
199932
200081
200210
200350
200507
200704
200874
201015
201160
201300
201441
201583
201716
201856
201988
202125
202263
202397
202537
202672
202799
202937
203073
203209
203350
203492
203633
203778
203914
204054
204190
204320
204453
204583
204712
204842
204962
205097
205236
205375
205519
205660
205797
205936
206069
206201
206334
206468
206602
206735
206865
206995
207123
207256
207395
207537
207675
207816
207950
208086
208223
208358
208497
208630
208763
208896
209031
209160
209285
209421
209561
209706
209844
209990
210180
210399
210613
210831
211041
211262
211484
211723
211968
212215
212463
212713
212949
213187
213413
213629
213802
214084
214328
214567
214791
215017
215235
215456
215675
215830
215965
216106
216244
216380
216520
216659
216797
216935
217072
217213
217349
217487
217627
217760
217891
218028
218167
218308
218449
218585
218726
218864
218996
219135
219269
219405
219538
219668
219801
219930
220051
220187
220323
220462
220606
220744
220883
221024
221153
221283
221413
221546
221680
221813
221941
222071
222193
222321
222463
222597
222736
222879
223014
223152
223291
223429
223571
223746
223942
224138
224324
224524
224743
224972
225215
225454
225700
225954
226201
226447
226693
226944
227194
227441
227685
227923
228150
228371
228597
228815
229046
229283
229457
229737
229964
230187
230406
230624
230840
231065
231299
231525
231752
231980
232199
232423
232607
232857
233071
233292
233525
233740
233992
234212
234431
234649
234818
235061
235282
235520
235761
235994
236222
236444
236670
236895
237112
237326
237548
237782
237998
238248
238475
238707
238926
239108
239355
239574
239808
240039
240233
240490
240712
240941
241162
241385
241599
241812
242038
242260
242483
242705
242927
243142
243354
243567
243773
243992
244217
244448
244685
244908
245128
245344
245567
245791
246002
246230
246442
246687
246918
247137
247363
247587
247802
248021
248229
248457
248694
248930
249161
249378
249598
249821
250035
250248
250469
250703
250934
251158
251380
251608
251836
252052
252271
252482
252697
252941
253171
253406
253634
253856
254077
254291
254509
254687
254949
255188
255413
255639
255828
256074
256296
256517
256731
256896
257152
257390
257629
257862
258083
258308
258525
258742
258956
259181
259417
259653
259881
260106
260330
260554
260784
261006
261226
261455
261694
261934
262160
262389
262620
262845
263046
263280
263514
263755
263994
264162
264307
264502
264672
264807
264945
265077
265211
265344
265473
265615
265758
265900
266046
266188
266328
266467
266606
266748
266891
267025
267158
267292
267423
267547
267680
267818
267957
268092
268230
268372
268509
268644
268780
268911
269044
269175
269302
269432
269559
269758
269971
270181
270387
270589
270788
270989
271185
271385
271583
271791
271916
272187
272412
272650
272889
273113
273338
273553
273770
273985
274191
274422
274650
274876
275094
275306
275516
275709
275936
276143
276346
276553
276768
276986
277199
277408
277618
277830
278031
278231
278425
278639
278863
279079
279233
279480
279694
279900
280111
280273
280502
280727
280961
281202
281438
281670
281911
282125
282364
282588
282807
283043
283274
283507
283742
283969
284196
284416
284641
284860
285015
285227
285401
285547
285694
285836
285973
286112
286249
286392
286525
286660
286794
286923
287048
287182
287318
287459
287600
287745
287893
288034
288167
288305
288431
288558
288689
288899
289140
289353
289572
289794
290000
290220
290428
290646
290872
291042
291303
291526
291763
291999
292228
292458
292690
292913
293123
293353
293571
293807
294044
294223
294495
294727
294955
295171
295394
295610
295837
296066
296296
296525
296755
296983
297202
297425
297646
297859
298090
298328
298568
298808
299032
299262
299483
299709
299935
300163
300401
300638
300877
301109
301342
301570
301780
302026
302248
302487
302735
302981
303215
303447
303678
303887
304147
304375
304611
304852
305083
305312
305530
305760
305991
306213
306428
306652
306884
307104
307347
307577
307810
308032
308207
308459
308676
308907
309140
309372
309593
309810
310034
310251
310403
310607
310767
310903
311041
311181
311320
311456
311595
311737
311878
312019
312153
312293
312430
312563
312754
313003
313224
313451
313674
313895
314101
314312
314518
314725
314938
315140
315361
315581
315809
316030
316249
316468
316686
316905
317099
317317
317534
317762
317985
318224
318447
318665
318884
319087
319318
319536
319765
319994
320172
320433
320654
320880
321063
321311
321524
321735
321959
322193
322420
322645
322872
323088
323305
323520
323731
323943
324183
324416
324638
324857
325053
325287
325505
325716
325921
326135
326358
326576
326795
327015
327227
327439
327641
327851
328055
328269
328495
328727
328958
329181
329402
329619
329848
330075
330289
330520
330706
330981
331219
331454
331683
331909
332130
332345
332566
332747
333032
333267
333493
333713
333935
334157
334372
334586
334800
335045
335275
335502
335726
335956
336180
336406
336623
336841
337080
337317
337555
337786
338014
338239
338452
338627
338870
339103
339339
339571
339801
340026
340249
340472
340694
340917
341126
341352
341584
341824
342063
342290
342504
342741
342964
343183
343414
343601
343896
344141
344379
344609
344845
345084
345309
345540
345780
346019
346257
346459
346705
346934
347156
347384
347532
347806
348064
348307
348492
348744
348977
349210
349432
349650
349886
350127
350373
350612
350849
351094
351291
351552
351775
352006
352247
352489
352733
352975
353209
353441
353667
353893
354119
354352
354591
354821
355050
355277
355494
355686
355935
356150
356383
356619
356865
357114
357345
357582
357812
358043
358270
358499
358757
359012
359257
359463
359724
359966
360209
360432
360610
360880
361130
361370
361601
361834
362065
362286
362506
362722
362959
363201
363435
363670
363895
364120
364347
364576
364794
365031
365271
365513
365755
365996
366237
366467
366688
366884
367131
367367
367610
367847
368046
368300
368527
368752
368980
369188
369430
369668
369905
370136
370361
370593
370815
371038
371247
371467
371695
371932
372172
372397
372621
372843
373061
373282
373496
373728
373967
374196
374425
374643
374868
375089
375303
375520
375725
375950
376181
376410
376643
376866
377088
377310
377524
377742
377974
378212
378450
378679
378904
379130
379352
379577
379777
380012
380244
380479
380709
380936
381172
381400
381626
381844
382057
382286
382519
382755
382990
383210
383432
383645
383866
384089
384298
384522
384748
384979
385208
385427
385655
385880
386047
386288
386505
386735
386973
387211
387443
387666
387889
388109
388330
388546
388774
389016
389250
389484
389709
389937
390164
390381
390601
390810
391034
391266
391494
391728
391955
392176
392389
392612
392824
393076
393321
393562
393788
394011
394243
394466
394689
394910
395124
395325
395572
395804
396036
396258
396418
396673
396893
397107
397320
397546
397782
398017
398241
398465
398683
398903
399125
399336
399562
399786
400021
400258
400481
400714
400942
401170
401391
401604
401838
402081
402320
402553
402775
402954
403213
403437
403655
403856
404114
404351
404585
404813
405017
405277
405502
405722
405938
406170
406404
406637
406867
407075
407313
407532
407751
407967
408196
408426
408663
408895
409118
409350
409577
409804
410032
410235
410483
410716
410954
411195
411420
411647
411870
412094
412309
412537
412777
413022
413254
413482
413709
413940
414113
414369
414593
414821
415053
415289
415521
415747
415975
416193
416360
416607
416838
417080
417316
417548
417769
417997
418222
418439
418664
418887
419119
419357
419594
419831
420067
420295
420525
420744
420960
421193
421427
421669
421907
422135
422364
422583
422806
422974
423229
423465
423698
423935
424170
424394
424626
424840
425079
425294
425521
425699
425971
426220
426451
426677
426900
427121
427344
427565
427785
428039
428276
428508
428700
428961
429194
429414
429627
429855
430086
430321
430554
430782
431013
431232
431455
431672
431890
432128
432363
432602
432777
433026
433262
433484
433710
433930
434160
434396
434625
434864
435098
435326
435550
435756
435990
436210
436440
436654
436918
437151
437384
437611
437836
438063
438282
438516
438748
438971
439224
439449
439682
439912
440141
440361
440583
440820
441006
441286
441519
441745
441968
442187
442403
442621
442852
443029
443303
443541
443764
443992
444222
444444
444661
444874
445102
445342
445571
445795
446031
446249
446467
446681
446893
447125
447353
447590
447816
448041
448269
448489
448680
448931
449145
449375
449605
449837
450071
450296
450521
450736
450954
451165
451383
451614
451849
452083
452307
452529
452750
452974
453197
453408
453600
453857
454087
454319
454544
454771
454996
455215
455435
455647
455878
456119
456353
456584
456806
457030
457250
457476
457690
457923
458156
458389
458619
458848
459081
459301
459522
459736
459948
460179
460408
460641
460872
461027
461261
461483
461697
461914
462130
462354
462583
462811
463039
463266
463491
463716
463944
464158
464387
464621
464865
465062
465329
465566
465790
466012
466237
466454
466689
466931
467146
467393
467616
467840
468068
468289
468506
468733
468972
469217
469451
469627
469904
470134
470359
470578
470801
471041
471277
471517
471740
471965
472195
472417
472645
472866
473100
473344
473580
473818
474058
474257
474509
474733
474951
475184
475417
475661
475904
476133
476365
476589
476815
477043
477263
477489
477727
477960
478194
478418
478613
478867
479095
479313
479483
479758
480007
480247
480473
480700
480924
481147
481367
481586
481822
482058
482289
482517
482743
482971
483198
483421
483637
483864
484102
484343
484583
484815
485054
485284
485510
485725
485960
486205
486442
486681
486910
487140
487366
487589
487821
488044
488279
488519
488760
488999
489236
489468
489692
489916
490135
490365
490607
490848
491089
491320
491546
491752
492010
492233
492467
492704
492945
493184
493410
493649
493880
494101
494327
494542
494776
495022
495264
495497
495722
495949
496180
496401
496617
496856
497094
497330
497561
497787
498020
498243
498466
498678
498898
499132
499366
499605
499838
500062
500289
500510
500732
500951
501183
501418
501649
501882
502109
502291
502549
502776
502993
503211
503387
503648
503894
504131
504359
504586
504812
505033
505248
505483
505723
505963
506200
506377
506636
506872
507106
507326
507498
507753
507995
508234
508408
508665
508906
509131
509354
509569
509805
510051
510287
510526
510751
510974
511200
511424
511643
511872
512105
512346
512578
512808
513039
513261
513486
513704
513919
514154
514390
514633
514876
515103
515332
515554
515782
516005
516234
516473
516707
516944
517174
517400
517629
517857
518079
518296
518526
518766
519012
519249
519484
519710
519939
520169
520385
520603
520866
521102
521340
521563
521792
522022
522245
522464
522685
522917
523158
523392
523625
523857
524082
524307
524524
524740
524978
525216
525454
525682
525907
526133
526350
526578
526793
526991
527247
527483
527719
527950
528182
528409
528628
528848
529063
529295
529535
529772
530008
530232
530457
530678
530883
531120
531348
531583
531821
532056
532280
532512
532741
532970
533190
533405
533640
533884
534125
534361
534585
534809
535022
535248
535464
535690
535929
536162
536393
536614
536842
537072
537294
537516
537731
537959
538196
538434
538667
538897
539120
539345
539568
539787
540026
540267
540506
540742
540938
541196
541426
541650
541876
542039
542313
542555
542800
543037
543265
543490
543713
543935
544150
544385
544625
544864
545095
545323
545553
545732
545988
546213
546443
546680
546921
547162
547396
547631
547866
548094
548316
548534
548777
549025
549264
549499
549688
549952
550183
550412
550563
550778
550950
551102
551251
551399
551547
551702
551919
552209
552443
552662
552878
553111
553345
553576
553808
554030
554253
554469
554692
554913
555143
555339
555609
555850
556084
556314
556545
556777
556997
557177
557444
557687
557932
558164
558393
558614
558839
559050
559276
559513
559758
559996
560180
560440
560672
560899
561094
561336
561561
561798
562041
562281
562518
562753
562984
563217
563440
563663
563910
564154
564395
564623
564853
565087
565268
565527
565752
565984
566153
566417
566663
566896
567126
567355
567576
567798
568019
568236
568495
568734
568967
569200
569424
569647
569878
570100
570333
570567
570805
571043
571268
571503
571737
571960
572173
572400
572636
572862
573113
573341
573566
573789
574014
574237
574457
574693
574874
575155
575393
575622
575857
576085
576310
576522
576755
576953
577215
577451
577677
577841
578067
578287
578501
578709
578938
579165
579396
579622
579838
580060
580275
580490
580706
580913
581138
581362
581567
581651
581818
582043
582264
582475
582652
582894
583106
583335
583569
583798
584021
584238
584455
584672
584890
585097
585315
585538
585765
585998
586220
586446
586669
586868
587102
587309
587536
587774
587980
588236
588460
588686
588907
589121
589340
589556
589782
590009
590236
590462
590683
590884
591122
591342
591554
591762
591973
592216
592446
592674
592890
593108
593318
593533
593746
593965
594194
594421
594655
594880
595100
595322
595537
595753
595950
596164
596380
596603
596825
597039
597253
597457
597661
597868
598064
598274
598487
598677
598918
599136
599340
599549
599761
599969
600177
600379
600600
600825
601051
601277
601436
601682
601903
602120
602330
602537
602760
602991
603217
603410
603642
603859
604074
604228
604476
604691
604911
605140
605359
605586
605810
605995
606241
606456
606676
606887
607111
607347
607577
607803
608020
608237
608448
608663
608863
609088
609312
609530
609709
609958
610178
610400
610622
610844
611055
611272
611500
611689
611958
612181
612400
612613
612824
613038
613239
613451
613684
613905
614128
614342
614512
614754
614976
615194
615398
615617
615843
616071
616304
616529
616759
616979
617133
617341
617505
617647
617797
617951
618164
618349
618502
618651
618862
619036
619178
619322
619466
619608
619741
619884
620037
620190
620398
620692
620927
621150
621346
621567
621779
621988
622159
622416
622663
622893
623118
623342
623572
623802
624001
624245
624482
624723
624963
625199
625434
625668
625895
626121
626345
626590
626844
627036
627315
627558
627800
628032
628268
628499
628741
628936
629218
629460
629704
629939
630177
630405
630631
630873
631126
631372
631612
631779
631984
632151
632292
632434
632577
632720
632937
633247
633491
633727
633960
634191
634423
634620
634866
635102
635344
635592
635837
636067
636301
636516
636751
636969
637206
637446
637687
637926
638157
638391
638623
638856
639086
639306
639494
639775
640022
640261
640499
640733
640965
641193
641420
641669
641919
642172
642412
642618
642878
643107
643339
643569
643804
644046
644277
644475
644741
644969
645195
645356
645603
645840
646075
646320
646565
646796
647034
647265
647444
647717
647948
648194
648435
648673
648912
649149
649387
649627
649857
