214
452
696
925
1169
1441
1707
1954
2191
2397
2605
2827
3050
3281
3549
3790
4031
4279
4516
4754
4977
5200
5439
5681
5918
6161
6399
6630
6855
7091
7333
7571
7813
8069
8332
8572
8807
9050
9281
9507
9742
9993
10233
10479
10717
10944
11171
11403
11638
11869
12097
12336
12575
12809
13045
13276
13500
13731
13973
14221
14467
14728
14982
15225
15458
15700
15941
16178
16417
16669
16926
17167
17415
17662
17900
18119
18346
18592
18837
19080
19303
19516
19730
19936
20151
20387
20630
20880
21122
21364
21603
21831
22048
22264
22500
22761
23025
23277
23522
23771
24013
24256
24489
24719
24968
25232
25482
25727
25978
26224
26454
26692
26941
27189
27436
27691
27940
28179
28416
28651
28886
29120
29352
29591
29832
30080
30316
30543
30773
30997
31225
31466
31722
31972
32204
32428
32647
32870
33090
33313
33545
33786
34020
34262
34501
34731
34958
35190
35426
35659
35901
36154
36404
36627
36851
37070
37298
37534
37765
38011
38239
38459
38683
38907
39129
39349
39567
39808
40074
40346
40621
40884
41117
41341
41555
41773
42007
42270
42528
42794
43026
43251
43481
43709
43938
44197
44426
44679
44929
45169
45405
45628
45845
46063
46299
46537
46776
47015
47247
47455
47677
47914
48162
48402
48647
48892
49131
49366
49595
49811
50024
50238
50469
50719
50963
51206
51450
51695
51923
52155
52393
52611
52833
53061
53299
53533
53758
53985
54202
54413
54624
54845
55075
55304
55524
55744
55963
56176
56384
56586
56792
56987
57189
57398
57611
57835
58060
58280
58491
58696
58912
59134
59364
59591
59809
60036
60265
60482
60698
60910
61122
61342
61565
61797
62030
62265
62491
62712
62931
63151
63370
63599
63828
64059
64297
64528
64752
64976
65191
65408
65616
65839
66079
66319
66555
66788
67014
67232
67447
67681
67929
68175
68416
68663
68911
69148
69387
69634
69870
70105
70354
70607
70853
71100
71342
71581
71812
72047
72283
72520
72763
73012
73255
73493
73723
73945
74164
74384
74614
74854
75096
75343
75587
75818
76046
76270
76504
76747
76982
77219
77464
77696
77919
78145
78372
78597
78822
79055
79303
79544
79780
80013
80236
80461
80690
80917
81151
81387
81615
81848
82076
82298
82524
82750
82984
83209
83453
83708
83969
84211
84436
84669
84884
85101
85327
85561
85799
86031
86262
86492
86719
86947
87175
87413
87665
87910
88158
88406
88644
88865
89086
89308
89538
89774
90016
90257
90507
90744
90973
91206
91435
91671
91905
92148
92394
92641
92871
93099
93331
93559
93782
94015
94254
94496
94724
94956
95184
95404
95622
95852
96084
96319
96554
96793
97033
97265
97481
97696
97909
98124
98350
98581
98813
99057
99290
99517
99741
99964
100192
100411
100636
100877
101118
101347
101568
101785
102000
102218
102436
102658
102878
103102
103329
103556
103772
103983
104190
104416
104641
104871
105104
105336
105561
105776
105993
106211
106428
106650
106883
107111
107341
107570
107804
108019
108236
108458
108674
108892
109116
109348
109581
109813
110047
110285
110512
110740
110968
111205
111440
111683
111934
112197
112448
112688
112923
113147
113369
113600
113837
114073
114313
114550
114786
115014
115244
115481
115726
115970
116214
116459
116687
116911
117140
117372
117614
117856
118101
118343
118580
118809
119031
119247
119460
119676
119915
120162
120410
120649
120879
121109
121332
121554
121771
121994
122226
122456
122685
122924
123158
123376
123584
123815
124050
124275
124513
124754
124982
125209
125416
125624
125834
126041
126259
126494
126734
126976
127205
127429
127645
127858
128075
128288
128518
128760
128998
129237
129466
129684
129902
130116
130335
130562
130793
131033
131274
131522
131769
132008
132232
132453
132679
132906
133142
133382
133617
133851
134076
134302
134532
134772
135028
135274
135511
135741
135970
136190
136411
136625
136836
137057
137301
137551
137795
138036
138275
138505
138724
138948
139184
139414
139647
139887
140139
140374
140600
140820
141051
141283
141513
141763
142015
142256
142500
142744
142984
143216
143445
143672
143911
144156
144387
144614
144842
145070
145297
145522
145762
146019
146266
146506
146748
146980
147195
147416
147647
147885
148122
148362
148606
148843
149067
149286
149492
149698
149910
150126
150358
150587
150809
151036
151255
151467
151680
151895
152110
152319
152536
152761
152987
153210
153423
153634
153842
154049
154255
154473
154713
154957
155200
155432
155647
155856
156062
156266
156476
156685
156904
157123
157353
157583
157803
158024
158235
158452
158678
158905
159138
159370
159602
159828
160040
160252
160467
160683
160909
161129
161358
161592
161817
162040
162257
162472
162691
162906
163127
163359
163592
163820
164036
164255
164473
164687
164907
165132
165366
165605
165832
166061
166294
166513
166727
166943
167168
167398
167624
167868
168112
168343
168571
168795
169016
169239
169469
169715
169959
170199
170437
170671
170890
171104
171315
171528
171746
171982
172244
172508
172739
172955
173169
173378
173591
173817
174053
174300
174539
174783
175032
175262
175484
175704
175934
176167
176408
176650
176889
177136
177369
177602
177833
178064
178303
178537
178771
179006
179237
179458
179682
179917
180151
180393
180646
180885
181121
181346
181567
181786
181996
182212
182439
182669
182903
183146
183396
183634
183865
184076
184286
184496
184707
184922
185140
185369
185592
185817
186061
186318
186559
186809
187055
187293
187536
187787
188021
188257
188478
188713
188976
189247
189508
189769
190019
190277
190524
190757
190988
191221
191462
191702
191946
192200
192451
192696
192928
193162
193401
193653
193892
194126
194360
194599
194847
195096
195335
195566
195796
196032
196264
196488
196715
196948
197170
197395
197634
197891
198142
198389
198622
198845
199057
199266
199483
199706
199932
200156
200394
200642
200889
201120
201349
201558
201766
201979
202193
202419
202646
202870
203090
203311
203540
203775
204009
204249
204489
204731
204968
205195
205420
205641
205857
206083
206314
206562
206809
207042
207268
207479
207686
207896
208103
208318
208544
208772
209014
209252
209502
209734
209954
210169
210389
210615
210844
211082
211317
211545
211763
211972
212189
212410
212627
212853
213086
213325
213560
213786
214011
214227
214447
214685
214923
215156
215388
215611
215837
216052
216267
216491
216725
216959
217197
217435
217666
217899
218133
218355
218576
218792
219022
219251
219488
219734
219983
220217
220446
220668
220891
221109
221337
221579
221821
222064
222299
222538
222773
223001
223224
223450
223701
223955
224196
224431
224656
224873
225094
225324
225555
225787
226018
226249
226484
226717
226940
227159
227377
227608
227839
228068
228301
228535
228758
228975
229182
229389
229602
229831
230072
230304
230537
230786
231031
231265
231490
231702
231912
232123
232342
232562
232771
232978
233175
233373
233577
233785
234004
234220
234452
234688
234920
235153
235384
235611
235826
236048
236285
236525
236758
237000
237242
237476
237703
237923
238146
238375
238608
238845
239088
239332
239578
239801
240023
240248
240464
240682
240904
241135
241372
241602
241833
242054
242271
242495
242716
242944
243197
243450
243696
243930
244153
244368
244573
244776
244982
245198
245428
245668
245911
246147
246380
246613
246849
247089
247329
247567
247797
248029
248258
248476
248701
248925
249140
249372
249616
249862
250103
250328
250547
250753
250951
251153
251359
251580
251842
252113
252371
252608
252842
253069
253294
253505
253727
253966
254213
254455
254707
254957
255217
255465
255717
255966
256210
256445
256686
256927
257158
257381
257618
257858
258096
258337
258585
258834
259070
259296
259516
259732
259948
260174
260413
260643
260874
261106
261346
261598
261829
262053
262282
262525
262786
263057
263311
263540
263765
263989
264212
264433
264652
264875
265102
265327
265546
265766
265978
266186
266399
266621
266861
267110
267349
267585
267804
268017
268226
268433
268653
268871
269089
269310
269532
269755
269982
270198
270405
270614
270829
271049
271275
271522
271758
271995
272221
272430
272636
272842
273052
273261
273474
273680
273890
274106
274316
274553
274806
275060
275295
275531
275773
276014
276246
276464
276683
276901
277120
277343
277587
277860
278125
278381
278627
278852
279064
279278
279493
279711
279940
280186
280455
280719
280962
281206
281448
281687
281933
282186
282439
282677
282919
283161
283398
283630
283865
284101
284342
284591
284838
285079
285299
285527
285760
285989
286222
286465
286699
286936
287163
287396
287633
287865
288088
288307
288535
288768
289004
289238
289476
289720
289948
290172
290411
290649
290887
291117
291350
291576
291791
292002
292209
292409
292618
292829
293056
293289
293514
293737
293953
294167
294383
294601
294829
295058
295286
295524
295757
295983
296214
296440
296658
296877
297106
297344
297585
297818
298048
298278
298497
298715
298947
299185
299429
299658
299893
300125
300353
300574
300797
301017
301243
301473
301710
301947
302181
302406
302620
302838
303055
303278
303525
303782
304038
304276
304503
304724
304939
305155
305374
305610
305863
306127
306384
306630
306876
307109
307339
307572
307806
308049
308291
308530
308770
309004
309242
309470
309698
309928
310171
310415
310655
310894
311121
311348
311573
311798
312025
312262
312493
312725
312957
313190
313414
313632
313852
314081
314310
314541
314789
315039
315277
315497
315711
315927
316152
316377
316611
316847
317098
317357
317597
317835
318067
318286
318507
318728
318961
319211
319456
319686
319902
320121
320349
320590
320844
321103
321356
321592
321826
322059
322299
322541
322777
323021
323261
323495
323725
323957
324188
324411
324629
324850
325094
325351
325609
325851
326084
326307
326529
326759
326994
327239
327479
327733
327995
328243
328480
328702
328922
329145
329388
329648
329904
330153
330390
330622
330850
331070
331288
331516
331765
332018
332281
332537
332766
332995
333225
333456
333701
333940
334169
334405
334638
334863
335093
335325
335553
335783
336022
336281
336550
336799
337031
337257
337477
337692
337914
338138
338361
338591
338828
339084
339335
339579
339810
340041
340277
340519
340769
341021
341267
341492
341707
341929
342166
342413
342664
342910
343159
343406
343652
343892
344124
344347
344567
344800
345053
345302
345550
345786
346021
346258
346502
346752
346987
347227
347461
347701
347930
348149
348377
348624
348888
349156
349415
349665
349904
350140
350364
350591
350832
351093
351365
351647
351899
352146
352390
352634
352858
353080
353315
353560
353815
354060
354306
354575
354847
355108
355354
355598
355838
356070
356308
356540
356770
357017
357277
357545
357800
358069
358342
358598
358844
359067
359292
359532
359773
360015
360256
360500
360742
360986
361218
361458
361714
361966
362217
362483
362739
362973
363197
363437
363673
363907
364145
364385
364633
364866
365098
365327
365563
365808
366046
366277
366512
366746
366972
367192
367394
367593
367802
368030
368267
368512
368755
368993
369225
369448
369670
369877
370087
370317
370547
370790
371046
371296
371537
371760
372000
372242
372493
372748
373001
373239
373461
373678
373890
374097
374305
374526
374761
375009
375247
375487
375735
375965
376185
376404
376622
376843
377067
377299
377527
377757
377990
378223
378454
378680
378909
379138
379378
379628
379868
380106
380335
380556
380776
380994
381222
381462
381693
381921
382149
382378
382597
382807
383021
383244
383475
383705
383943
384187
384425
384666
384902
385128
385347
385561
385779
385991
386204
386428
386651
386873
387103
387330
387560
387788
388023
388268
388509
388738
388959
389178
389398
389618
389841
390075
390310
390541
390771
391002
391224
391447
391665
391888
392122
392350
392585
392812
393027
393239
393454
393669
393891
394118
394354
394583
394824
395075
395315
395548
395795
396048
396295
396546
396805
397053
397317
397564
397809
398041
398271
398518
398787
399053
399303
399544
399788
400024
400262
400483
400707
400946
401196
401446
401702
401951
402188
402417
402655
402894
403140
403374
403615
403863
404103
404338
404577
404810
405040
405280
405527
405768
406003
406231
406456
406684
406916
407161
407417
407662
407909
408155
408405
408644
408876
409100
409329
409568
409803
410044
410282
410510
410745
410980
411219
411472
411726
411971
412215
412454
412682
412908
413137
413366
413598
413839
414094
414355
414601
414837
415075
415306
415536
415773
416022
416268
416516
416758
417005
417242
417477
417712
417956
418213
418466
418705
418936
419158
419371
419583
419804
420028
420260
420498
420748
420997
421231
421467
421700
421921
422140
422362
422598
422836
423069
423296
423519
423744
423969
424206
424448
424686
424935
425178
425424
425660
425887
426110
426331
426560
426795
427051
427299
427544
427787
428026
428259
428497
428734
428976
429218
429463
429711
429954
430197
430438
430678
430916
431171
431430
431675
431905
432124
432338
432553
432777
433008
433253
433507
433747
433993
434237
434458
434675
434895
435124
435358
435594
435839
436096
436332
436562
436800
437044
437284
437538
437794
438046
438301
438551
438791
439025
439258
439495
439734
439991
440252
440505
440738
440978
441217
441449
441688
441945
442191
442434
442685
442928
443162
443393
443627
443874
444123
444374
444633
444888
445124
445353
445579
445805
446026
446252
446475
446709
446954
447182
447404
447635
447862
448092
448325
448574
448831
449074
449312
449549
449789
450017
450252
450496
450737
450978
451219
451460
451699
451931
452170
452403
452642
452881
453129
453370
453597
453827
454052
454282
454521
454766
455009
455252
455501
455743
455978
456210
456438
456672
456903
457151
457401
457643
457880
458120
458353
458575
458811
459053
459291
459531
459768
460008
460240
460463
460689
460923
461165
461402
461644
461887
462119
462347
462572
462800
463029
463262
463509
463750
463997
464242
464488
464718
464945
465176
465411
465662
465923
466176
466419
466649
466876
467102
467328
467559
467797
468051
468297
468547
468798
469039
469270
469504
469745
469986
470231
470486
470737
470978
471210
471449
471696
471941
472191
472451
472701
472942
473186
473428
473657
473893
474138
474387
474634
474887
475132
475370
475616
475860
476100
476347
476602
476855
477101
477348
477592
477823
478047
478286
478539
478786
479038
479294
479540
479769
480001
480241
480485
480736
480991
481247
481494
481733
481979
482226
482469
482710
482960
483224
483483
483734
483970
484210
484450
484688
484938
485209
485484
485740
486005
486264
486509
486747
486998
487262
487520
487778
488036
488288
488527
488773
489032
489289
489540
489783
490030
490277
490525
490764
491008
491269
491534
491797
492069
492324
492561
492793
493028
493261
493499
493747
494002
494254
494502
494746
494976
495204
495426
495653
495897
496142
496381
496619
496852
497074
497297
497529
497768
498017
498258
498504
498758
498997
499228
499465
499710
499940
500185
500450
500705
500955
501202
501444
501677
501914
502165
502422
502678
502923
503184
503449
503703
503951
504184
504415
504652
504884
505112
505334
505559
505782
506004
506229
506463
506690
506927
507176
507420
507668
507906
508133
508358
508578
508805
509034
509253
509469
509678
509888
510100
510313
510552
510799
511038
511281
511538
511796
512030
512262
512490
512720
512958
513192
513428
513677
513928
514172
514401
514642
514888
515145
515391
515651
515911
516163
516399
516633
516872
517109
517353
517616
517883
518150
518401
518651
518898
519139
519382
519634
519896
520146
520393
520648
520892
521117
521351
521595
521848
522110
522385
522647
522890
523129
523363
523592
523824
524058
524299
524545
524786
525032
525271
525496
525736
525980
526232
526494
526756
527009
527249
527504
527775
528055
528335
528605
528852
529106
529354
529589
529818
530071
530357
530634
530904
531184
531452
531693
531933
532176
532470
532808
533162
533494
533797
534067
534315
534561
534809
535057
535307
535563
535816
536080
536352
536620
536877
537142
537407
537667
537911
538155
538390
538622
538852
539075
539309
539556
539793
540020
540238
540462
540691
540916
541157
541412
541668
541911
542148
542380
542606
542830
543054
543291
543550
543802
544045
544295
544528
544753
544982
545217
545452
545692
545933
546187
546434
546669
546904
547143
547381
547624
547876
548131
548375
548617
548861
549102
549352
549611
549863
550123
550390
550652
550897
551137
551371
551604
551856
552125
552382
552631
552876
553113
553337
553566
553808
554050
554298
554553
554819
555070
555310
555546
555792
556038
556288
556549
556801
557045
557293
557531
557768
558004
558248
558496
558746
559001
559253
559496
559737
559978
560212
560450
560706
560960
561203
561440
561672
561893
562110
562334
562569
562808
563059
563308
563563
563812
564058
564289
564527
564774
565020
565273
565531
565782
566018
566253
566503
566752
566998
567250
567515
567769
568026
568280
568528
568765
569005
569261
569522
569777
570030
570273
570508
570742
570984
571245
571517
571774
572033
572302
572547
572781
573016
573257
573511
573770
574021
574270
574521
574754
574998
575262
575534
575805
576061
576315
576563
576801
577027
577253
577483
577733
578012
578296
578569
578818
579065
579321
579603
579872
580133
580384
580632
580882
581115
581343
581577
581828
582080
582337
582614
582883
583139
583397
583660
583906
584150
584405
584672
584931
585179
585422
585658
585894
586122
586361
586612
586873
587120
587374
587621
587868
588106
588350
588598
588846
589091
589343
589586
589819
590044
590276
590522
590769
591021
591282
591538
591769
591998
592235
592463
592691
592922
593168
593441
593715
594009
594274
594521
594769
595026
595275
595522
595763
595997
596223
596448
596678
596918
597172
597441
597700
597972
598242
598503
598739
598983
599230
599482
599735
599992
600249
600505
600742
600988
601235
601482
601730
601988
602246
602499
602740
602973
603211
603449
603691
603946
604207
604458
604702
604946
605184
605418
605652
605895
606148
606396
606649
606904
607150
607380
607614
607860
608106
608358
608614
608863
609114
609354
609593
609836
610091
610335
610598
610869
611133
611374
611610
611850
612081
612322
612585
612850
613098
613346
613597
613832
614067
614309
614551
614792
615037
615299
615549
615784
616013
616245
616484
616724
616975
617236
617493
617731
617963
618198
618432
618668
618908
619157
619408
619656
619899
620137
620379
620621
620874
621122
621372
621623
621884
622124
622352
622582
622822
623049
623272
623500
623737
623976
624224
624472
624709
624932
625153
625390
625634
625865
626096
626331
626573
626806
627030
627261
627507
627760
627997
628241
628483
628708
628928
629147
629377
629613
629853
630101
630358
630613
630841
631068
631299
631521
631737
631952
632178
632425
632674
632913
633148
633401
633646
633894
634155
634418
634676
634919
635163
635409
635640
635870
636113
636373
636623
636882
637136
637367
637591
637813
638095
638394
638691
638977
639246
639490
639722
639962
640205
640467
640734
641014
641300
641587
641843
642098
642359
642616
642881
643153
643422
643672
643930
644184
644434
644666
644918
645183
645439
645709
645978
646225
646452
646695
646946
647200
647449
647685
647913
648140
648369
648603
648864
649141
649415
649674
649946
