59
347
661
976
1292
1608
1906
2135
2480
2758
3074
3236
3695
3973
4232
4495
4768
5043
5322
5638
5961
6231
6490
6752
7033
7327
7622
7910
8211
8487
8744
9013
9294
9591
9901
10198
10474
10752
11019
11290
11572
11865
12168
12465
12651
13005
13274
13557
13840
14131
14428
14715
14994
15264
15529
15823
16131
16435
16732
17009
17279
17542
17811
18086
18390
18695
18990
19271
19543
19828
20118
20410
20707
21014
21289
21549
21810
22079
22373
22680
22978
23260
23534
23793
24045
24313
24592
24898
25261
25544
25808
26081
26347
26618
26901
27193
27497
27779
28037
28192
28575
28858
29080
29437
29715
29866
30236
30479
30645
31003
31292
31486
31845
32095
32334
32568
32815
33069
33328
33538
33957
34219
34480
34742
35022
35305
35595
35877
36172
36452
36716
36975
37238
37523
37813
38095
38361
38628
38877
39126
39382
39651
39937
40247
40398
40815
41084
41363
41645
41928
42235
42389
42866
43140
43410
43710
44007
44312
44624
44779
45215
45485
45760
45897
46372
46682
46986
47132
47536
47807
48084
48366
48657
48974
49255
49509
49754
50016
50287
50581
50882
51178
51473
51613
52012
52273
52539
52827
53115
53336
53667
53927
54187
54439
54708
54990
55281
55582
55869
56001
56436
56724
56928
57343
57642
57938
58080
58245
58700
58992
59285
59570
59857
60127
60393
60658
60831
61237
61546
61862
62097
62452
62722
62907
63297
63580
63892
64205
64490
64765
65037
65330
65638
65952
66277
66593
66878
67153
67435
67582
68062
68366
68655
68937
69201
69339
69731
70010
70296
70584
70854
71103
71354
71518
71862
72120
72390
72662
72925
73100
73412
73646
73898
74148
74408
74662
74925
75175
75423
75659
76338
76758
77049
77342
77618
77887
78158
78364
78718
79028
79328
79503
79868
80122
80400
80680
80827
81260
81559
81834
82090
82349
82494
82907
83210
83504
83781
84059
84327
84596
84872
85170
85484
85807
86102
86241
86411
86922
87218
87513
87805
88099
88378
88643
88906
89195
89486
89777
90063
90339
90598
90855
91107
91248
91628
91914
92063
92453
92702
92832
93199
93463
93611
94029
94336
94635
94898
95165
95435
95729
96041
96350
96506
96974
97256
97541
97712
98167
98490
98803
99093
99236
99668
99951
100247
100546
100867
101164
101442
101726
102022
102322
102625
102932
103243
103526
103783
104049
104342
104636
104939
105244
105529
105816
106097
106383
106561
106751
107307
107610
108163
108448
108719
108996
109287
109585
109858
110107
110368
110638
110933
111241
111545
111862
112159
112435
112576
113051
113585
114076
114361
114647
114954
115275
115420
115896
116197
116484
116621
117029
117311
117615
117909
118194
118479
118755
119025
119304
119477
119898
120208
120510
120777
121049
121326
121614
121911
122208
122523
122825
123099
123234
123408
123530
124073
124378
124674
124957
125224
125389
125749
126026
126230
126613
126900
127076
127427
127684
127948
128206
128483
128758
128948
129335
129586
129715
130131
130417
130711
131001
131292
131575
131857
132136
132421
132753
133087
133404
133703
133985
134126
134607
134920
135268
135590
135871
136141
136405
136682
136963
137250
137536
137833
138096
138345
138606
138877
139179
139492
139799
140099
140393
140532
140973
141281
141608
141813
142252
142549
142839
143135
143438
143752
144079
144400
144683
144820
145287
145600
145917
146228
146528
146817
147090
147373
147571
148015
148329
148625
148781
149184
149470
149752
150042
150364
150678
150967
151252
151540
151848
152165
152468
152789
153087
153233
153642
153929
154223
154529
154826
155100
155364
155618
155868
156035
156372
156632
156908
157189
157448
157696
157963
158245
158538
158844
159156
159466
159614
160048
160344
160663
160847
161292
161593
161873
162139
162402
162671
162872
163303
163622
163926
164211
164497
164800
164956
165412
165740
166034
166294
166557
166722
167129
167441
167737
168035
168310
168576
168722
169124
169413
169713
170002
170269
170527
170778
171035
171293
171484
171848
172140
172426
172686
172819
173231
173508
173799
174099
174400
174691
174964
175230
175523
175842
176162
176471
176787
177080
177375
177677
177989
178156
178656
178854
179231
179501
179778
180059
180342
180640
180934
181209
181348
181731
182005
182290
182572
182845
183124
183387
183635
183874
184047
184390
184668
184943
185211
185465
185721
185967
186229
186505
186797
187107
187421
187700
187966
188246
188522
188803
189089
189373
189652
189919
190164
190324
190675
190958
191240
191515
191786
191951
192301
192557
192823
193093
193395
193578
193987
194256
194523
194801
195091
195267
195672
195990
196176
196535
196796
196971
197344
197626
197820
198180
198453
198703
198944
199194
199371
199725
200006
200274
200524
200765
200936
201267
201512
201777
202044
202325
202520
202864
203109
203247
203653
203937
204226
204518
204811
205079
205336
205592
205872
206169
206471
206752
207023
207277
207527
207775
208027
208293
208581
208857
209111
209352
209582
209822
210087
210345
210608
210894
211185
211451
211698
211959
212227
212398
212827
213108
213413
213691
213953
214222
214503
214804
215116
215412
215690
215969
216243
216516
216799
217092
217391
217693
217968
218227
218510
218709
219087
219384
219676
219969
220238
220502
220777
221078
221389
221687
221995
222287
222571
222857
223147
223464
223628
224118
224415
224692
224982
225280
225429
225908
226235
226530
226665
227095
227377
227693
227998
228310
228618
228901
229181
229463
229766
230081
230404
230709
230991
231281
231418
231862
232167
232460
232644
233055
233313
233504
233869
234155
234341
234743
235022
235193
235561
235813
235980
236377
236674
236959
237240
237499
237758
238025
238289
238579
238779
239217
239492
239769
240041
240338
240638
240947
241274
241591
241879
242015
242482
242811
243149
243477
243805
244101
244389
244688
244832
245346
245662
245953
246229
246504
246789
247079
247241
247710
248013
248294
248563
248855
249024
249440
249732
250029
250311
250574
250833
251107
251413
251717
252009
252312
252591
252875
253014
253452
253767
254083
254246
254665
254933
255202
255482
255755
255899
256330
256617
256876
257129
257390
257660
257953
258245
258535
258692
259126
259394
259670
259955
260257
260567
260871
261154
261439
261716
262000
262297
262599
262911
263206
263472
263736
263883
264313
264599
264890
265181
265463
265728
265994
266270
266575
266891
267195
267501
267782
268066
268359
268651
268976
269306
269621
269919
270202
270512
270831
271153
271482
271816
272109
272401
272704
272923
273378
273696
274012
274307
274449
274875
275172
275472
275779
276067
276332
276607
276882
277148
277440
277734
277894
278327
278589
278849
279133
279416
279701
279998
280293
280586
280722
281135
281423
281608
282046
282338
282629
282909
283184
283469
283608
284097
284411
284718
285003
285281
285448
285880
286177
286507
286822
287110
287392
287677
287853
288319
288631
288949
289248
289528
289804
290095
290250
290725
291029
291308
291589
291855
291996
292393
292673
292959
293244
293510
293764
294026
294303
294581
294867
295163
295460
295757
295893
296329
296631
296943
297242
297549
297718
298144
298428
298714
299020
299186
299663
299948
300229
300511
300801
301097
301398
301557
301771
301911
302403
302671
302949
303239
303524
303714
304094
304363
304627
304876
305141
305410
305703
305993
306281
306560
306705
306864
307343
307638
307940
308254
308547
308821
308997
309423
309720
310038
310352
310512
310978
311259
311559
311878
312198
312512
312826
313124
313413
313707
313850
314344
314653
314939
315208
315478
315757
316038
316215
316644
316951
317131
317499
317761
318033
318305
318589
318874
319173
319448
319704
319840
320237
320525
320822
321117
321412
321703
321985
322276
322581
322899
323238
323562
323864
324031
324504
324815
325147
325341
325826
326117
326403
326722
327034
327343
327661
327806
328261
328534
328809
328961
329422
329715
330009
330292
330565
330843
331119
331391
331682
331973
332247
332505
332763
333023
333304
333596
333750
334201
334497
334773
335045
335334
335535
335953
336266
336568
336870
337159
337448
337758
338085
338428
338610
339074
339383
339701
340010
340192
340688
341007
341294
341578
341880
342182
342486
342794
343096
343386
343657
343934
344119
344561
344866
345164
345434
345699
345969
346242
346524
346838
347139
347423
347693
347955
348101
348539
348833
349138
349457
349742
350007
350286
350577
350895
351049
351549
351861
352153
352430
352730
353048
353377
353705
354005
354151
354605
354888
355194
355342
355530
356058
356334
356599
356869
357141
357414
357695
357975
358260
358520
358775
359039
359329
359621
359908
360203
360485
360761
361035
361317
361618
361791
362279
362574
362860
363137
363437
363736
364038
364369
364683
364965
365249
365534
365838
366025
366475
366776
366956
367350
367616
367897
368181
368489
368650
369097
369373
369651
369930
370206
370388
370801
371095
371368
371621
371889
372169
372450
372735
373032
373322
373601
373869
374148
374291
374779
375089
375406
375700
376000
376186
376628
376955
377301
377624
377925
378218
378539
378862
379187
379541
379777
380185
380486
380785
381099
381417
381567
382055
382336
382600
382879
383166
383474
383786
384087
384368
384642
384906
385177
385462
385749
386046
386324
386570
386818
387083
387346
387601
387867
388131
388395
388647
388885
389116
389374
389645
389928
390203
390488
390755
391019
391266
391521
391790
392082
392373
392654
392927
393190
393418
393744
394022
394320
394629
394930
395205
395344
395779
396081
396385
396687
397010
397163
397589
397860
398151
398468
398779
398958
399401
399684
399850
400254
400543
400742
401160
401443
401705
401973
402248
402398
402821
403109
403408
403698
403961
404217
404502
404803
404991
405412
405712
406000
406277
406567
406856
407046
407517
407819
408122
408406
408705
409012
409323
409660
409993
410298
410600
410912
411241
411576
411906
412248
412455
412589
413091
413397
413719
414015
414310
414598
414870
415136
415403
415683
415974
416266
416537
416788
417051
417219
417588
417870
418160
418453
418747
418913
419269
419555
419844
420137
420432
420716
420988
421250
421503
421758
422037
422319
422591
422857
423117
423361
423601
423845
424078
424337
424613
424878
425125
425364
425597
425830
426007
426327
426583
426848
427131
427396
427643
427815
428148
428417
428699
428978
429258
429546
429717
430111
430383
430676
430839
431321
431632
431926
432216
432516
432713
433135
433460
433780
434074
434352
434658
434825
435280
435598
435907
436212
436493
436777
437096
437422
437750
437931
438402
438708
439014
439319
439658
440002
440177
440636
440926
441240
441555
441864
442210
442525
442816
443112
443409
443733
443936
444377
444562
444983
445252
445529
445810
446111
446277
446715
446982
447247
447511
447775
448050
448335
448632
448923
449181
449429
449696
449876
450258
450546
450845
451143
451322
451690
451966
452145
452575
452867
453046
453432
453696
453949
454210
454476
454666
455057
455328
455587
455830
456080
456256
456404
456856
457150
457312
457720
457968
458108
458488
458761
458908
459310
459596
459865
460113
460357
460616
460887
461181
461477
461774
462072
462353
462636
462923
463222
463551
463876
464183
464478
464778
465088
465398
465722
466057
466380
466671
466960
467273
467423
467899
468199
468487
468761
469024
469165
469581
469878
470170
470453
470731
470994
471266
471542
471820
472114
472314
472712
472969
473110
473467
473723
473996
474264
474528
474817
475080
475330
475591
475868
476169
476494
476813
477121
477430
477721
478028
478354
478569
479051
479363
479672
479990
480309
480633
480975
481326
481640
481943
482268
482610
482946
483297
483629
483949
484255
484572
484937
485299
485630
485947
486252
486560
486877
487208
487548
487871
488155
488424
488711
489007
489162
489601
489913
490191
490453
490723
491003
491313
491630
491942
492266
492570
492858
493176
493511
493862
494199
494515
494837
495147
495464
495802
496139
496479
496786
497074
497222
497675
497966
498257
498548
498827
499083
499342
499613
499901
500198
500478
500763
500927
501289
501545
501689
502074
502371
502650
502909
503161
503402
503647
503913
504179
504463
504775
504972
505218
505634
505901
506181
506483
506777
507074
507385
507669
507954
508259
508570
508901
509236
509547
509849
510152
510439
510734
511034
511348
511658
511936
512206
512498
512641
513068
513357
513536
513897
514143
514384
514622
514878
515148
515430
515707
515991
516257
516523
516686
517063
517349
517641
517930
518194
518357
518739
519023
519301
519575
519877
520072
520470
520728
520911
521334
521653
521965
522289
522604
522793
523186
523478
523798
524122
524290
524725
524999
525274
525546
525838
526137
526450
526738
527007
527280
527580
527866
528164
528476
528787
529096
529374
529664
529987
530307
530610
530766
531227
531505
531782
532059
532363
532522
532982
533270
533550
533824
534101
534248
534676
534982
535283
535555
535821
536087
536377
536666
536955
537253
537553
537818
538075
538342
538622
538925
539230
539529
539834
540122
540262
540698
541004
541309
541627
541919
542055
542453
542716
542977
543246
543522
543798
544079
544332
544574
544827
545106
545394
545685
545997
546302
546588
546730
547173
547486
547810
547969
548441
548721
549002
549155
549592
549887
550098
550515
550781
551053
551337
551643
551957
552108
552611
552904
553185
553478
553781
554116
554449
554767
555087
555390
555694
556021
556359
556707
557006
557281
557562
557839
558114
558412
558565
559013
559293
559547
559791
560077
560358
560637
560933
561221
561495
561754
562009
562273
562557
562736
563109
563377
563633
563880
564118
564291
564607
564872
565149
565413
565660
565822
566136
566380
566642
566910
567189
567379
567787
568050
568220
568572
568849
569032
569436
569708
569998
570257
570498
570744
571000
571264
571452
571816
572077
572220
572615
572877
573146
573429
573716
573928
574325
574589
574869
575161
575463
575772
576095
576418
576729
577024
577332
577673
578011
578341
578569
579002
579311
579507
579969
580310
580638
580943
581222
581504
581798
582029
582414
582731
583031
583166
583585
583870
584173
584473
584775
585093
585391
585675
585887
586292
586612
586940
587250
587548
587833
588127
588275
588749
589072
589388
589669
589952
590246
590553
590864
591178
591345
591812
592082
592378
592688
592993
593293
593600
593887
594173
594452
594731
595059
595384
595698
596001
596287
596579
596868
597169
597485
597802
598097
598370
598644
598935
599231
599533
599851
600173
600458
600727
601007
601303
601615
601913
602204
602494
602762
603028
603319
603490
603670
604180
604478
604749
605021
605282
605542
605812
606090
606377
606660
606915
607156
607416
607676
607939
608200
608461
608720
608976
609218
609384
609702
609975
610256
610525
610800
611074
611327
611586
611843
612106
612388
612682
612965
613221
613471
613714
613963
614223
614401
614740
615010
615273
615516
615744
615985
616145
616500
616775
617054
617324
617473
617850
618090
618336
618599
618873
619054
619473
619747
620031
620310
620599
620770
621212
621526
621822
622095
622352
622524
622925
623214
623522
623820
624103
624370
624529
624923
625219
625528
625811
626000
626383
626654
626934
627071
627519
627812
628107
628382
628643
628905
629183
629455
629734
630032
630327
630593
630858
631121
631402
631703
632003
632304
632617
632892
633154
633422
633702
633999
634280
634560
634843
635110
635375
635645
635928
636222
636529
636817
637087
637354
637608
637873
638047
638422
638704
639002
639266
639509
639670
640043
640318
640589
640870
641150
641427
641565
641951
642215
642517
642813
643105
643280
643674
643944
644216
644486
644776
645080
645261
645641
645899
646154
646422
646699
646882
647260
647558
647737
648078
648323
648494
648835
649113
649380
649628
649892
