202
497
810
1129
1436
1738
2031
2323
2626
2925
3233
3543
3855
4152
4434
4719
5021
5335
5663
5966
6259
6548
6851
7149
7460
7772
8077
8380
8671
8955
9253
9555
9881
10190
10489
10776
11067
11358
11669
11996
12300
12601
12895
13180
13481
13696
14014
14326
14634
14934
15220
15503
15800
16121
16439
16734
17035
17324
17611
17921
18225
18533
18845
19146
19438
19721
20014
20321
20640
20951
21252
21543
21823
22130
22442
22761
23068
23374
23666
23957
24256
24554
24863
25176
25484
25780
26063
26356
26653
26967
27282
27588
27879
28171
28468
28768
28975
29302
29536
29853
30151
30437
30733
31028
31241
31581
31823
32131
32364
32671
32897
33215
33536
33841
34141
34441
34728
35022
35314
35616
35926
36236
36535
36822
37105
37398
37722
38038
38337
38638
38927
39218
39522
39829
40145
40451
40700
41006
41299
41588
41896
42212
42522
42830
43123
43403
43706
44028
44359
44668
44972
45262
45552
45863
46176
46489
46804
47113
47410
47688
47976
48276
48591
48911
49217
49508
49798
50098
50402
50714
51024
51326
51629
51923
52211
52511
52822
53142
53449
53742
54028
54317
54614
54932
55251
55553
55855
56152
56440
56737
57037
57351
57662
57864
58176
58443
58737
59045
59367
59684
59984
60282
60569
60860
61169
61478
61784
62095
62398
62686
62975
63268
63576
63901
64208
64508
64797
65076
65362
65559
65900
66206
66515
66806
67097
67358
67613
67803
68127
68440
68744
69038
69319
69611
69907
70219
70534
70841
71130
71421
71718
72018
72326
72635
72935
73237
73532
73813
74107
74394
74611
74943
75242
75532
75720
76024
76323
76649
76958
77258
77558
77854
78143
78439
78745
79058
79368
79669
79957
80249
80540
80856
81179
81483
81782
82077
82364
82664
82981
83300
83602
83909
84205
84502
84795
85101
85304
85633
85887
86197
86490
86778
87088
87412
87725
88030
88331
88620
88915
89212
89523
89835
90147
90447
90739
91024
91327
91635
91958
92266
92568
92851
93141
93332
93650
93889
94218
94502
94787
95070
95362
95628
95810
96141
96458
96767
97058
97340
97630
97935
98265
98579
98877
99178
99474
99769
100065
100378
100691
101005
101310
101598
101883
102181
102508
102831
103132
103428
103719
104009
104313
104629
104944
105250
105557
105767
106067
106307
106624
106861
107192
107506
107712
108026
108308
108612
108929
109243
109539
109841
110129
110418
110709
111010
111315
111629
111931
112227
112511
112684
112999
113256
113589
113888
114185
114471
114768
115068
115375
115690
115998
116295
116592
116881
117178
117479
117796
118109
118416
118702
118986
119278
119585
119915
120227
120527
120822
121118
121413
121716
122027
122339
122645
122945
123231
123524
123820
124145
124473
124778
125071
125362
125643
125851
126196
126493
126809
127114
127410
127696
127992
128295
128615
128927
129232
129522
129806
130096
130416
130745
131054
131358
131653
131939
132240
132552
132870
133178
133492
133785
134074
134361
134666
134928
135263
135524
135693
135996
136280
136590
136902
137228
137539
137844
138137
138427
138722
139029
139350
139533
139871
140174
140459
140747
141046
141366
141728
142035
142325
142618
142923
143230
143550
143871
144173
144478
144770
145060
145354
145668
146004
146311
146606
146893
147178
147480
147684
148020
148268
148583
148846
149153
149395
149558
149889
150198
150515
150822
151112
151397
151686
151992
152323
152639
152938
153236
153520
153810
154119
154435
154739
155203
155369
155665
155954
156250
156561
156807
157122
157429
157685
157958
158238
158555
158879
159184
159489
159713
160017
160319
160621
160935
161249
161560
161857
162091
162390
162693
163012
163335
163579
163893
164179
164480
164789
165034
165189
165515
165795
166086
166366
166666
166884
167201
167522
167837
168142
168372
168673
168967
169274
169540
169874
170177
170471
170767
171045
171358
171654
171956
172268
172574
172862
173155
173444
173759
174099
174404
174698
174988
175276
175580
175907
176229
176530
176839
177132
177428
177725
177929
178269
178546
178865
179155
179443
179734
180050
180391
180710
181016
181313
181600
181904
182217
182551
182862
183173
183465
183754
184000
184318
184642
184972
185274
185576
185860
186159
186473
186803
187116
187423
187718
188007
188304
188603
188910
189236
189540
189842
190127
190416
190712
191024
191356
191661
191957
192250
192545
192845
193143
193463
193770
194074
194374
194661
194949
195255
195585
195899
196199
196485
196777
196973
197293
197564
197882
198183
198461
198767
199061
199355
199660
199976
200288
200593
200878
201167
201463
201785
202119
202419
202640
202953
203238
203539
203851
204182
204487
204798
205094
205382
205676
205975
206286
206607
206916
207210
207494
207783
208100
208418
208724
209029
209327
209615
209913
210209
210518
210833
211145
211444
211741
212025
212322
212630
212949
213257
213558
213844
214141
214444
214598
214940
215239
215551
215789
216097
216389
216687
216999
217326
217633
217930
218213
218508
218809
219125
219451
219753
220048
220348
220644
220944
221257
221587
221892
222196
222484
222773
223070
223390
223748
224057
224351
224641
224927
225229
225551
225877
226178
226487
226780
227068
227364
227668
227978
228295
228600
228891
229174
229475
229793
230125
230428
230729
231022
231308
231610
231915
232217
232533
232841
233134
233417
233704
234002
234321
234644
234946
235241
235528
235828
236133
236440
236754
237054
237351
237646
237940
238237
238543
238873
239176
239475
239761
240051
240345
240658
240984
241291
241589
241885
242182
242483
242788
243109
243413
243718
244015
244298
244589
244895
245222
245534
245831
246122
246409
246706
247014
247330
247639
247939
248241
248528
248822
249120
249432
249740
250052
250349
250638
250857
251167
251489
251818
252102
252287
252456
252754
253044
253336
253526
253853
254096
254424
254661
254965
255256
255473
255782
256108
256418
256716
257004
257292
257603
257915
258230
258540
258843
259136
259387
259710
260009
260323
260644
260887
261200
261484
261760
262077
262407
262750
263057
263300
263606
263915
264223
264536
264854
265094
265410
265706
265996
266286
266600
266867
267190
267482
267779
268066
268217
268531
268855
269175
269473
269714
270025
270270
270577
270822
271155
271406
271729
272023
272306
272599
272910
273233
273551
273850
274147
274383
274691
274994
275315
275620
275933
276235
276520
276809
277106
277407
277671
278001
278296
278588
278875
279183
279497
279732
280058
280366
280660
280948
281247
281555
281865
282188
282494
282735
283036
283334
283625
283946
284197
284513
284782
285065
285331
285630
285883
286149
286438
286696
286960
287144
287419
287696
287953
288215
288488
288792
289042
289287
289582
289871
290175
290488
290750
291026
291268
291560
291863
292133
292375
292642
292891
293196
293466
293740
294039
294310
294608
294810
295147
295449
295743
296029
296323
296632
296945
297255
297562
297866
298120
298298
298617
298892
299142
299415
299667
299972
300237
300486
300670
301003
301236
301578
301806
302129
302408
302717
302981
303305
303576
303845
304041
304347
304490
305472
305798
306103
306402
306667
306845
307165
307427
307733
308002
308320
308615
308908
309200
309504
309812
310144
310449
310749
310957
311257
311504
311832
312129
312454
312695
313006
313302
313603
313900
314215
314535
314842
315145
315436
315724
316028
316374
316662
316937
317248
317536
317822
318114
318386
318676
318977
319294
319571
319749
320031
320323
320525
320855
321169
321479
321767
322048
322358
322611
322958
323282
323558
323863
324155
324460
324683
325024
325326
325547
325840
326144
326416
326677
326916
327218
327501
327762
328066
328311
328522
328845
329100
329413
329723
330019
330285
330462
330774
331072
331368
331684
331999
332198
332482
332774
333035
333289
333592
333926
334214
334493
334745
334924
335239
335513
335758
336018
336289
336562
336794
337038
337275
337581
337852
338067
338353
338617
338854
339147
339319
339609
339801
340149
340446
340696
340962
341216
341519
341817
342129
342411
342691
342959
343247
343500
343800
344067
344413
344733
345003
345195
345504
345791
346097
346411
346738
346941
347107
347434
347694
347933
348194
348465
348744
349024
349324
349571
349805
350099
350406
350721
351017
351275
351593
351875
352136
352389
352583
352902
353151
353412
353673
353933
354182
354418
354681
354928
355210
355561
355860
356154
356395
356628
356869
357129
357387
357679
357942
358166
358396
358693
358938
359121
359416
359630
359990
360296
360563
360820
361043
361291
361563
361910
362107
362396
362635
362925
363169
363405
363638
363944
364239
364441
364765
365033
365265
365502
365743
365956
366267
366556
366825
367126
367414
367663
367854
368029
368350
368596
368914
369217
369507
369762
370005
370155
370482
370724
370985
371223
371406
371664
371957
372213
372525
372728
373053
373302
373474
373772
374033
374305
374622
374806
375131
375439
375682
375979
376254
376515
376790
377126
377437
377736
378011
378241
378487
378737
378984
379304
379609
379907
380199
380501
380795
381039
381314
381565
381883
382134
382394
382636
382905
383179
383487
383687
384006
384301
384594
384800
385122
385400
385694
386018
386282
386524
386824
387124
387420
387740
388068
388370
388663
388951
389236
389546
389878
390093
390420
390650
390957
391193
391449
391741
392073
392387
392692
392947
393213
393388
393692
393892
394253
394567
394839
395029
395334
395633
395942
396259
396583
396890
397195
397485
397773
398071
398390
398655
398977
399278
399571
399856
400167
400496
400853
401163
401462
401753
402052
402356
402680
403007
403316
403620
403910
404195
404496
404803
405130
405445
405745
406031
406327
406627
406938
407258
407566
407864
408162
408448
408744
409042
409362
409684
409991
410277
410563
410849
411151
411482
411798
412096
412395
412688
412985
413282
413593
413909
414220
414519
414804
415091
415384
415714
416045
416344
416641
416933
417222
417525
417845
418158
418465
418752
419049
419343
419639
419944
420263
420575
420879
421173
421456
421757
422085
422426
422730
423030
423317
423610
423921
424226
424551
424859
425168
425464
425749
426038
426346
426665
426977
427280
427572
427855
428165
428470
428791
429101
429407
429701
429993
430292
430596
430904
431216
431506
431815
432074
432334
432598
432920
433258
433561
433855
434151
434456
434735
435056
435376
435681
435987
436282
436572
436873
437176
437517
437835
438130
438420
438716
439017
439337
439671
439977
440283
440586
440876
441181
441501
441828
442141
442446
442734
443026
443325
443647
443982
444293
444592
444885
445173
445479
445804
446123
446431
446741
447031
447320
447620
447926
448208
448407
448724
449025
449308
449598
449911
450228
450533
450846
451121
451415
451720
452017
452321
452638
452954
453254
453543
453829
454129
454441
454766
455079
455381
455667
455962
456269
456582
456898
457208
457507
457809
458052
458335
458529
458858
459176
459492
459788
460073
460366
460668
460984
461319
461622
461917
462216
462508
462808
463117
463435
463738
464044
464336
464625
464917
465223
465556
465870
466166
466458
466743
467041
467363
467684
467989
468297
468596
468881
469172
469471
469788
470101
470408
470701
470990
471279
471587
471908
472221
472524
472829
473111
473409
473716
474031
474347
474657
474957
475247
475538
475841
476152
476481
476787
477090
477374
477671
477986
478325
478655
478962
479257
479551
479854
480158
480469
480807
481117
481416
481702
481996
482302
482625
482962
483268
483564
483855
484128
484409
484600
484773
485103
485352
485581
485825
486053
486293
486504
486732
486983
487243
487483
487716
487946
488178
488428
488684
488896
489226
489491
489745
490012
490268
490500
490728
491043
491336
491656
491966
492263
492546
492840
493147
493465
493789
494091
494393
494677
494970
495278
495595
495907
496217
496521
496808
497099
497400
497702
498032
498344
498642
498930
499226
499535
499864
500189
500489
500792
501082
501382
501684
501984
502305
502626
502926
503211
503498
503775
503976
504314
504557
504874
505091
505394
505694
505989
506291
506604
506917
507218
507514
507802
508097
508395
508719
509027
509333
509623
509909
510198
510503
510825
511140
511440
511739
512034
512327
512618
512931
513241
513548
513851
514137
514422
514723
515046
515373
515674
515969
516259
516554
516859
517173
517492
517797
518105
518395
518681
518980
519293
519620
519936
520193
520496
520752
521074
521401
521761
522065
522370
522587
522889
523196
523506
523818
524137
524381
524693
524973
525268
525567
525829
526177
526477
526771
527064
527362
527588
527914
528230
528541
528845
529059
529363
529663
529956
530284
530606
530848
531161
531446
531732
532042
532291
532626
532932
533231
533525
533819
534050
534366
534694
535005
535310
535604
535887
536183
536504
536830
537140
537394
537702
537988
538292
538602
538925
539178
539502
539801
540093
540383
540690
540941
541285
541597
541896
542178
542404
542731
543044
543367
543675
543974
544225
544532
544828
545133
545442
545758
546006
546317
546598
546892
547187
547504
547765
548084
548378
548670
548971
549267
549507
549832
550138
550443
550736
551021
551261
551571
551890
552211
552517
552807
553032
553332
553632
553958
554274
554502
554818
555113
555405
555704
556006
556329
556638
556939
557233
557521
557810
558125
558456
558768
559068
559361
559643
559948
560261
560586
560897
561202
561495
561785
562079
562383
562700
563016
563325
563620
563899
564194
564515
564843
565154
565459
565751
566040
566347
566647
566962
567282
567591
567890
568170
568460
568763
569084
569410
569712
570005
570292
570596
570894
571210
571529
571831
572136
572428
572720
573018
573329
573669
573975
574270
574554
574848
575151
575474
575812
576112
576414
576714
577005
577305
577613
577941
578250
578556
578844
579131
579427
579747
580095
580401
580699
580994
581190
581282
581583
581895
582217
582520
582832
583120
583406
583705
584008
584328
584642
584946
585240
585522
585719
586042
586366
586681
586979
587280
587570
587869
588165
588469
588788
589102
589399
589686
589971
590266
590577
590894
591200
591501
591790
592085
592387
592695
593010
593323
593618
593915
594205
594501
594803
595124
595444
595751
596041
596327
596621
596929
597264
597583
597877
598173
598471
598771
599071
599386
599705
600013
600313
600597
600890
601193
601523
601747
602069
602300
602608
602892
603189
603507
603830
604132
604441
604738
605026
605321
605624
605940
606257
606565
606855
607140
607435
607753
608081
608389
608694
608989
609278
609581
609885
610192
610510
610821
611116
611403
611692
611992
612314
612641
612944
613239
613530
613833
614143
614454
614773
615080
615379
615674
615968
616266
616585
616925
617229
617526
617817
618103
618409
618744
619071
619376
619675
619969
620273
620571
620887
621212
621520
621824
622115
622400
622696
623026
623350
623653
623953
624241
624536
624839
625145
625465
625772
626081
626375
626657
626948
627258
627573
627883
628188
628479
628763
629068
629375
629699
630008
630311
630606
630897
631191
631491
631802
632127
632440
632732
633015
633311
633610
633932
634257
634561
634851
635144
635441
635747
636059
636372
636677
636979
637270
637565
637860
638171
638512
638818
639111
639401
639694
639994
640324
640651
640954
641257
641552
641849
642150
642452
642773
643082
643382
643674
643964
644253
644573
644897
645204
645504
645798
646081
646387
646700
647018
647321
647627
647922
648211
648504
648803
649112
649427
649736
