17
313
613
916
1214
1518
1817
2121
2425
2723
3027
3330
3623
3925
4225
4531
4832
5128
5435
5742
6035
6340
6639
6943
7244
7536
7841
8144
8441
8740
9038
9343
9638
9934
10238
10538
10835
11140
11438
11744
12041
12336
12645
12948
13244
13551
13848
14155
14454
14755
15066
15367
15660
15963
16259
16552
16847
17141
17443
17743
17937
18288
18598
18908
19216
19523
19840
20147
20442
20740
21048
21350
21644
21946
22249
22544
22843
23147
23455
23760
24060
24373
24678
24978
25283
25588
25895
26200
26506
26813
27120
27425
27728
28039
28343
28641
28950
29255
29549
29849
30144
30446
30743
31031
31341
31650
31944
32245
32542
32844
33142
33437
33740
34038
34330
34628
34927
35236
35543
35848
36160
36468
36771
37077
37388
37696
38002
38313
38622
38924
39234
39539
39847
40152
40456
40767
41068
41365
41673
41977
42281
42579
42875
43183
43484
43782
44084
44391
44698
44997
45298
45608
45912
46211
46507
46807
47109
47404
47701
48009
48310
48610
48909
49214
49522
49824
50129
50434
50732
51030
51331
51633
51936
52237
52542
52849
53148
53452
53762
54069
54367
54663
54973
55278
55573
55872
56175
56482
56780
57079
57389
57692
57991
58294
58597
58899
59199
59498
59798
60096
60392
60695
61003
61302
61604
61916
62222
62520
62819
63123
63433
63726
64024
64333
64634
64931
65229
65530
65837
66136
66437
66747
67045
67343
67641
67943
68245
68542
68844
69149
69447
69747
70050
70353
70653
70952
71258
71556
71850
72150
72450
72753
73049
73343
73657
73963
74259
74564
74866
75175
75476
75769
76082
76391
76689
76991
77296
77608
77911
78214
78524
78832
79132
79439
79749
80052
80357
80667
80981
81293
81608
81918
82233
82533
82832
83152
83460
83767
84077
84384
84702
85017
85327
85646
85960
86275
86594
86923
87245
87566
87900
88221
88531
88846
89167
89484
89795
90113
90425
90731
91038
91343
91656
91962
92272
92589
92900
93210
93518
93831
94144
94450
94761
95074
95381
95697
96008
96322
96634
96950
97269
97583
97898
98216
98549
98875
99204
99553
99884
100209
100538
100867
101195
101512
101844
102162
102473
102788
103098
103413
103723
104032
104345
104652
104953
105264
105579
105883
106190
106512
106829
107139
107448
107763
108082
108389
108705
109027
109340
109653
109967
110275
110581
110882
111185
111494
111790
112098
112405
112718
113025
113324
113631
113941
114240
114537
114734
115091
115400
115708
115985
116136
116458
116780
117081
117388
117700
118002
118321
118632
118940
119250
119551
119856
120155
120343
120706
121031
121330
121632
121935
122236
122536
122834
123136
123434
123728
124023
124325
124624
124919
125220
125527
125831
126142
126460
126793
127113
127428
127754
128066
128371
128687
129002
129312
129621
129940
130261
130574
130888
131204
131527
131848
132182
132527
132860
133192
133515
133845
134171
134494
134817
135134
135455
135774
136099
136417
136731
137055
137369
137674
137991
138306
138616
138925
139242
139558
139873
140190
140501
140823
141139
141451
141774
142087
142396
142709
143016
143326
143627
143926
144234
144425
144764
145076
145384
145691
145986
146276
146573
146860
147064
147278
147437
147763
148056
148275
148425
148563
148785
149111
149420
149615
149758
149896
150048
150343
150682
150862
151013
151152
151557
151885
152209
152474
152848
153176
153516
153838
154151
154472
154794
155111
155308
155453
155685
156074
156415
156749
157082
157419
157748
158083
158359
158746
159078
159406
159733
160046
160367
160690
161004
161332
161650
161971
162282
162589
162902
163208
163505
163816
164131
164447
164766
165089
165408
165731
166054
166375
166703
167025
167348
167671
167982
168304
168619
168943
169264
169583
169918
170245
170576
170912
171242
171569
171886
172215
172537
172849
173174
173511
173837
174157
174492
174825
175152
175474
175797
176126
176449
176776
177113
177433
177768
178100
178435
178763
179093
179436
179773
180115
180452
180787
181116
181448
181790
182126
182466
182805
183145
183470
183803
184143
184474
184803
185127
185461
185783
186105
186443
186766
187095
187424
187758
188080
188405
188741
189057
189370
189699
190037
190374
190706
191048
191388
191723
192059
192399
192733
193058
193396
193720
194047
194375
194705
195031
195354
195692
196024
196350
196683
197014
197344
197673
198012
198338
198657
198977
199315
199640
199959
200198
200574
200908
201225
201547
201875
202194
202519
202847
203170
203494
203819
204146
204471
204794
205127
205452
205774
206104
206430
206743
207059
207388
207713
208036
208362
208699
209036
209367
209713
210053
210383
210712
211046
211382
211708
212044
212382
212707
213036
213372
213707
214039
214381
214719
215047
215383
215718
216048
216382
216722
217056
217385
217718
218053
218387
218712
219048
219383
219702
220026
220344
220672
220983
221295
221621
221936
222254
222560
222886
223197
223508
223825
224020
224371
224675
224982
225288
225494
225835
226152
226457
226758
227063
227379
227696
227999
228185
228330
228647
228972
229289
229493
229869
230193
230513
230837
231153
231472
231799
231989
232136
232288
232462
232714
233101
233428
233600
233746
233893
234229
234588
234917
235255
235595
235920
236258
236590
236931
237277
237620
237962
238303
238649
238986
239328
239660
239991
240326
240658
241012
241352
241691
242033
242381
242727
243069
243417
243765
244113
244455
244815
245160
245493
245835
246180
246531
246863
247206
247551
247892
248235
248582
248926
249270
249618
249960
250306
250659
251013
251356
251704
252054
252392
252736
253080
253429
253764
254109
254452
254787
255124
255470
255808
256145
256491
256844
257186
257536
257897
258239
258575
258928
259266
259596
259920
260257
260577
260904
261240
261557
261884
262214
262542
262869
263195
263530
263855
264170
264497
264830
265155
265477
265816
266147
266467
266786
267126
267460
267790
268143
268491
268827
269167
269508
269849
270183
270524
270849
271171
271503
271840
272178
272520
272869
273215
273550
273897
274244
274582
274914
275261
275595
275923
276255
276594
276931
277257
277600
277931
278265
278597
278928
279259
279587
279932
280265
280593
280922
281256
281590
281916
282252
282589
282917
283236
283569
283899
284215
284542
284870
285202
285532
285874
286221
286551
286901
287235
287557
287892
288232
288561
288886
289230
289574
289902
290239
290580
290922
291258
291604
291940
292269
292595
292927
293247
293560
293895
294217
294539
294869
295200
295528
295848
296046
296419
296748
297070
297391
297724
298056
298389
298614
298985
299329
299661
299987
300225
300586
300920
301240
301550
301867
302202
302538
302853
303184
303514
303842
304178
304512
304743
305125
305466
305800
306125
306427
306777
307108
307434
307619
307768
308008
308364
308712
309053
309397
309598
309976
310336
310678
311014
311361
311715
312060
312395
312746
313085
313419
313761
314109
314454
314803
315162
315514
315867
316217
316564
316902
317257
317607
317947
318289
318638
318984
319318
319668
320005
320341
320682
321028
321367
321703
322039
322371
322704
323036
323368
323691
324011
324348
324672
324994
325329
325677
326010
326336
326675
327003
327342
327670
328005
328335
328551
328946
329295
329631
329970
330306
330635
330970
331313
331659
331990
332323
332674
333006
333335
333538
333926
334266
334602
334938
335269
335595
335935
336263
336579
336909
337250
337583
337907
338249
338588
338925
339258
339606
339954
340302
340653
341009
341357
341716
342086
342455
342834
343198
343553
343917
344277
344632
344970
345324
345683
346020
346366
346718
347053
347389
347729
348066
348400
348747
349104
349452
349818
350188
350551
350921
351297
351671
352033
352407
352765
353114
353466
353815
354160
354505
354846
355179
355520
355857
356190
356527
356882
357232
357577
357922
358279
358629
358965
359316
359651
359987
360327
360666
360911
361282
361630
361966
362287
362618
362963
363292
363620
363955
364297
364634
364965
365161
365319
365691
366039
366383
366712
366911
367299
367644
367983
368311
368657
368995
369329
369665
370009
370360
370704
371060
371410
371759
372114
372467
372813
373166
373522
373867
374225
374585
374952
375306
375670
376016
376353
376696
377047
377393
377734
378095
378440
378778
379124
379463
379797
380125
380465
380796
381137
381480
381832
382174
382525
382878
383223
383568
383911
384261
384607
384972
385328
385675
386039
386406
386757
387104
387452
387792
388137
388477
388817
389153
389490
389825
390166
390502
390836
391170
391465
391817
392148
392468
392790
392984
393129
393497
393818
394153
394460
394799
395127
395453
395654
395864
396242
396588
396917
397134
397291
397660
398014
398343
398677
399027
399364
399698
399887
400040
400418
400758
401090
401423
401754
402088
402416
402745
403075
403420
403757
404074
404390
404710
405041
405359
405666
406004
406326
406648
406969
407301
407631
407956
408296
408630
408961
409299
409650
409988
410333
410680
411019
411347
411696
412051
412387
412726
413073
413409
413743
414071
414410
414734
415058
415392
415716
416042
416367
416638
416797
417144
417494
417834
418156
418496
418838
419171
419496
419835
420179
420511
420841
421177
421518
421846
422189
422530
422864
423199
423534
423862
424179
424513
424836
425151
425476
425810
426143
426479
426822
427168
427508
427843
428189
428527
428859
429202
429532
429855
430181
430514
430849
431173
431511
431844
432170
432510
432853
433194
433530
433879
434217
434553
434893
435232
435559
435881
436215
436541
436801
437169
437504
437832
438029
438405
438755
439088
439430
439759
440096
440419
440743
441070
441382
441691
441897
442251
442562
442874
443097
443253
443594
443915
444241
444432
444582
444724
444899
445251
445597
445847
446035
446375
446747
447092
447287
447428
447744
448089
448420
448752
449079
449404
449721
449938
450096
450469
450812
451154
451495
451837
452176
452517
452853
453185
453517
453866
454195
454434
454827
455161
455479
455758
456096
456418
456729
457040
457347
457646
457947
458230
458403
458738
459079
459416
459747
460076
460416
460749
461075
461395
461726
462049
462372
462700
463026
463356
463675
464003
464331
464637
464958
465277
465595
465914
466227
466552
466876
467191
467510
467731
468110
468441
468777
469097
469415
469737
470053
470374
470692
471016
471345
471662
471987
472314
472648
472971
473291
473631
473960
474288
474621
474970
475300
475630
475968
476297
476633
476971
477311
477646
477981
478328
478658
478982
479304
479631
479954
480279
480610
480936
481264
481597
481942
482269
482597
482935
483271
483602
483933
484267
484589
484915
485246
485571
485901
486223
486562
486886
487214
487549
487867
488061
488416
488741
489056
489362
489694
490027
490343
490665
490992
491316
491633
491958
492287
492611
492932
493256
493583
493905
494238
494566
494885
495213
495538
495861
496177
496497
496824
497146
497463
497787
498116
498437
498752
499078
499397
499711
500026
500341
500640
500941
501242
501546
501852
502162
502476
502775
503116
503432
503764
504086
504398
504721
505043
505363
505681
506007
506335
506656
506977
507296
507610
507913
508221
508535
508843
509148
509457
509776
510094
510404
510732
511064
511257
511420
511723
512127
512478
512809
513148
513479
513803
514126
514450
514767
515085
515423
515742
516057
516385
516715
517033
517346
517672
517985
518292
518481
518830
519147
519447
519744
520054
520354
520644
520943
521252
521562
521865
522174
522482
522785
523090
523396
523699
523995
524288
524596
524894
525185
525483
525782
526095
526406
526717
527040
527354
527666
527985
528309
528621
528934
529258
529573
529883
530192
530509
530828
531141
531454
531768
532073
532377
532678
532994
533298
533591
533899
534206
534507
534815
535041
535409
535723
536029
536346
536657
536962
537271
537594
537908
538222
538544
538861
539172
539490
539811
540129
540442
540762
541088
541401
541723
542046
542369
542686
542996
543328
543644
543945
544253
544570
544879
545187
545505
545824
546138
546452
546767
547086
547396
547704
548019
548326
548633
548946
549264
549574
549881
550205
550522
550830
551146
551466
551781
552090
552405
552722
553026
553327
553626
553929
554219
554405
554752
555047
555343
555527
555875
556191
556500
556803
557125
557442
557747
557975
558152
558522
558867
559187
559520
559846
560161
560473
560784
561087
561387
561698
562008
562321
562634
562944
563260
563574
563886
564206
564513
564825
565136
565450
565760
566067
566386
566698
567005
567323
567642
567961
568271
568582
568901
569217
569523
569835
570161
570474
570786
571115
571437
571754
572075
572392
572711
573025
573346
573666
573978
574296
574611
574933
575244
575548
575866
576178
576489
576801
577118
577427
577734
578056
578369
578675
578981
579291
579610
579915
580231
580558
580871
581191
581512
581830
582147
582459
582781
583103
583419
583738
584067
584387
584704
585032
585348
585656
585975
586295
586608
586917
587240
587557
587867
588183
588495
588811
589125
589440
589758
590064
590376
590688
591006
591316
591623
591939
592251
592556
592858
593169
593489
593790
594103
594418
594721
595035
595341
595651
595962
596268
596586
596896
597210
597533
597852
598168
598488
598809
599131
599450
599767
600087
600407
600678
601033
601365
601684
601997
602312
602634
602946
603250
603579
603902
604214
604532
604854
605185
605500
605817
606145
606468
606784
607102
607429
607746
608062
608380
608687
608998
609306
609629
609943
610255
610581
610895
611080
611448
611767
612082
612395
612710
613025
613331
613638
613955
614275
614586
614903
615235
615550
615860
616169
616491
616807
617116
617438
617760
618079
618396
618711
619036
619357
619686
620016
620330
620655
620972
621285
621596
621914
622229
622544
622863
623184
623516
623838
624152
624477
624793
625104
625420
625743
626057
626365
626686
627001
627304
627616
627927
628244
628559
628868
629186
629500
629816
630131
630454
630773
631091
631423
631739
632054
632370
632683
633001
633305
633614
633923
634224
634533
634841
635158
635470
635780
636105
636423
636612
636986
637316
637642
637964
638297
638617
638927
639245
639555
639878
640189
640497
640816
641132
641446
641758
642083
642404
642717
643041
643226
643587
643915
644237
644564
644888
645212
645538
645738
646106
646446
646779
647091
647404
647724
648034
648339
648650
648966
649278
649584
649904
