81
362
647
893
1194
1482
1779
2073
2336
2645
2940
3192
3521
3833
4110
4405
4691
4976
5236
5572
5892
6194
6484
6777
7032
7332
7610
7895
8201
8481
8763
9044
9295
9605
9917
10197
10516
10783
11073
11357
11642
11909
12241
12548
12821
13125
13406
13674
13962
14253
14552
14867
15138
15424
15709
15962
16275
16572
16860
17148
17415
17721
17998
18256
18575
18862
19155
19438
19713
20001
20283
20544
20879
21172
21459
21737
22043
22306
22586
22911
23204
23476
23787
24085
24349
24634
24922
25219
25537
25806
26127
26401
26682
26987
27281
27604
27895
28191
28458
28768
29049
29344
29665
29955
30231
30545
30826
31090
31399
31694
31982
32276
32569
32827
33128
33391
33699
33995
34292
34592
34899
35192
35485
35802
36123
36435
36743
37059
37320
37634
37960
38280
38604
38915
39222
39524
39819
40140
40465
40773
41040
41362
41666
41943
42269
42576
42864
43178
43469
43744
44046
44340
44641
44960
45240
45531
45830
46093
46376
46682
46979
47266
47551
47817
48100
48378
48647
48965
49239
49525
49809
50088
50389
50657
50960
51263
51566
51842
52158
52437
52707
53038
53331
53637
53925
54237
54499
54814
55109
55400
55724
56018
56317
56604
56904
57173
57481
57791
58095
58376
58685
58953
59247
59549
59855
60131
60449
60718
61028
61296
61593
61888
62193
62483
62795
63078
63360
63669
63958
64290
64599
64908
65207
65515
65818
66135
66425
66751
67059
67327
67648
67915
68220
68544
68844
69140
69436
69694
70005
70293
70592
70918
71207
71471
71781
72056
72341
72647
72941
73231
73544
73806
74114
74395
74663
75002
75334
75634
75920
76195
76482
76778
77084
77393
77663
77986
78261
78558
78875
79174
79503
79779
80106
80392
80666
80979
81260
81599
81905
82202
82463
82780
83076
83387
83696
84007
84268
84584
84854
85153
85454
85728
86063
86354
86631
86945
87214
87501
87826
88129
88396
88718
89019
89284
89591
89896
90200
90513
90795
91063
91378
91651
91947
92249
92549
92835
93102
93410
93676
93962
94262
94546
94857
95147
95422
95703
95971
96272
96572
96844
97160
97452
97718
98030
98302
98606
98911
99209
99488
99780
100070
100328
100658
100969
101251
101544
101828
102108
102393
102690
102989
103319
103585
103904
104192
104478
104794
105098
105389
105712
106016
106281
106595
106892
107192
107523
107794
108090
108401
108667
108973
109275
109552
109875
110164
110453
110739
110993
111307
111605
111900
112197
112486
112764
113049
113337
113618
113953
114236
114532
114821
115112
115371
115713
116042
116361
116680
116993
117292
117582
117895
118177
118521
118842
119141
119434
119730
120059
120375
120683
120946
121262
121570
121831
122149
122454
122750
123067
123363
123627
123936
124205
124546
124834
125157
125430
125737
126007
126301
126607
126892
127193
127478
127744
128053
128320
128616
128911
129203
129493
129778
130039
130349
130608
130915
131215
131513
131774
132093
132370
132626
132957
133252
133525
133843
134121
134387
134699
134975
135275
135567
135860
136155
136442
136738
136996
137300
137603
137888
138187
138473
138733
139048
139321
139650
139929
140222
140509
140792
141078
141334
141667
141977
142258
142574
142868
143133
143432
143730
144049
144329
144647
144934
145217
145492
145810
146104
146403
146716
146996
147288
147591
147862
148161
148487
148788
149061
149371
149654
149913
150242
150526
150855
151133
151426
151714
151980
152311
152637
152948
153252
153560
153866
154175
154482
154790
155110
155384
155718
156041
156341
156659
156984
157304
157606
157898
158193
158458
158778
159114
159425
159728
160002
160316
160579
160892
161180
161517
161791
162106
162380
162667
162951
163232
163566
163849
164127
164443
164731
165030
165310
165618
165906
166227
166499
166827
167087
167408
167694
168052
168371
168652
168948
169210
169539
169826
170160
170454
170747
171037
171345
171611
171921
172233
172506
172830
173100
173407
173684
173957
174294
174589
174859
175156
175439
175694
176008
176297
176593
176881
177152
177444
177705
177986
178271
178568
178871
179162
179435
179745
180013
180278
180618
180904
181206
181472
181790
182054
182335
182645
182944
183216
183532
183813
184096
184379
184661
184937
185266
185542
185842
186127
186387
186674
186976
187284
187560
187875
188150
188431
188725
188997
189324
189607
189893
190189
190482
190740
191054
191382
191694
192001
192165
192546
192787
193205
193564
193738
194135
194306
194653
194820
195188
195358
195713
195884
196084
196258
196444
196630
196822
196975
197355
197751
198156
198205
198541
198915
199287
199637
199947
200244
200555
200821
201121
201342
201553
201982
202349
202700
203016
203330
203589
203873
204134
204627
204823
205202
205367
205700
205867
206060
206227
206527
206699
206820
206992
207180
207411
207618
207793
207974
208158
208347
208512
208712
208907
209090
209204
209420
209561
209615
209775
209940
210116
210457
210852
211269
211711
212164
212527
212852
213224
213529
213825
214124
214422
214702
215009
215293
215619
215900
216212
216443
216764
217072
217381
217693
217972
218284
218581
218845
219154
219469
219745
220070
220228
220614
220852
221225
221495
221837
222010
222394
222794
222960
223336
223515
223926
224117
224461
224629
225005
225180
225364
225577
225740
225907
226065
226203
226417
226618
226765
226933
227104
227303
227490
227849
228036
228291
228525
229036
229406
229602
229885
230294
230684
231100
231516
231899
232287
232677
233043
233357
233644
233917
234186
234483
234783
235069
235353
235631
235887
236193
236469
236762
237062
237335
237623
237917
238192
238462
238761
239062
239351
239661
239948
240225
240505
240769
241080
241382
241652
241962
242241
242495
242797
242963
243352
243529
243855
244024
244388
244616
244960
245129
245487
245660
246030
246282
246656
246818
247163
247340
247729
248022
248176
248566
248873
249036
249404
249656
249822
250233
250409
250602
250842
251017
251201
251372
251531
251848
252013
252216
252394
252579
252759
252930
253088
253245
253420
253603
253992
254376
254828
255290
255726
256143
256653
257060
257626
257795
257969
258161
258567
258741
259177
259350
259597
259748
259941
260157
260435
260687
261108
261277
261490
261720
261881
262078
262243
262410
262603
262789
262966
263161
263328
263502
263681
263837
264015
264202
264379
264688
264887
265143
265370
265568
265946
266354
266807
267254
267431
267831
268245
268631
269015
269188
269566
269931
270283
270441
270758
270957
271105
271460
271632
271774
272042
272222
272406
272540
272689
272847
273007
273184
273377
273547
274008
274344
274735
275150
275589
276019
276209
276499
276660
277032
277408
277586
277995
278173
278317
278465
278594
278732
278861
279002
279150
279517
279911
280292
280659
280986
281278
281554
281836
282135
282434
282726
283022
283296
283577
283862
284154
284467
284775
285043
285360
285519
285921
286090
286377
286844
287032
287517
287762
288059
288514
288699
288951
289108
289315
289545
289709
289763
289942
290115
290324
290514
290695
291084
291456
291813
292164
292497
292847
293199
293493
293783
294066
294361
294629
294926
295254
295545
295839
296132
296424
296706
297030
297347
297637
297965
298130
298376
298525
298693
298873
299037
299204
299365
299561
300002
300368
300754
301124
301515
301901
302068
302412
302601
302799
302853
303196
303550
303905
304104
304242
304446
304612
304786
305142
305495
305834
306146
306452
306726
307007
307283
307549
307827
308138
308436
308698
309011
309288
309547
309870
310040
310455
310633
310787
311113
311275
311494
311701
312012
312179
312411
312593
312754
312925
313085
313255
313633
313958
314382
314840
315013
315468
315674
315870
316287
316470
316721
316883
317105
317432
317577
317720
317866
318128
318273
318492
318705
318949
319394
319803
320174
320527
320699
321069
321429
321759
322095
322415
322689
322997
323280
323571
323858
324146
324413
324689
324964
325240
325556
325722
326115
326293
326530
326846
327000
327238
327401
327546
327687
327948
328303
328668
328973
329290
329615
329957
330265
330579
330882
331178
331477
331755
331926
332335
332710
332872
333117
333281
333417
333605
333753
333966
334144
334320
334486
334707
334851
335119
335313
335521
335796
335979
336152
336463
336675
336890
337091
337455
337820
338199
338648
339051
339434
339804
340166
340466
340769
341051
341380
341658
341940
342222
342516
342803
343242
343678
344047
344208
344613
344790
344926
345145
345316
345493
345658
345816
345980
346135
346297
346473
346715
346896
347390
347791
348200
348639
348810
349056
349267
349452
349630
349889
350227
350426
350614
350823
350978
351206
351408
351620
351842
352009
352231
352406
352612
352832
353055
353291
353447
353633
353869
354056
354274
354536
354707
354911
355070
355314
355751
356004
356212
356398
356684
356974
357168
357421
357623
357924
358187
358425
358696
358896
359124
359357
359615
359816
360029
360338
360557
360744
360893
361041
361174
361383
361561
361826
362034
362205
362370
362520
362679
362857
363079
363333
363561
363828
364093
364310
364470
364625
364763
364984
365300
365460
365681
365910
366097
366351
366542
366790
367001
367257
367544
367796
367966
368192
368390
368588
368813
369021
369319
369497
369639
369932
370089
370226
370522
370779
370937
371089
371259
371424
371570
371794
371972
372158
372373
372537
372684
372939
373094
373357
373563
373754
373901
374052
374314
374543
374784
375092
375396
375583
375878
376098
376278
376493
376669
376812
376960
377301
377553
377718
377990
378249
378486
378630
378776
379045
379227
379398
379625
379983
380220
380457
380612
380823
380962
381251
381539
381716
381867
382053
382262
382426
382655
382865
383134
383394
383627
383778
383914
384112
384257
384406
384664
384923
385128
385285
385505
385673
385822
385977
386235
386411
386642
386904
387105
387174
387559
388017
388210
388539
388940
389116
389526
389691
390143
390318
390752
391167
391544
391905
392064
392429
392794
393064
393363
393630
393903
394189
394477
394783
395087
395366
395645
395950
396225
396522
396831
397120
397412
397707
397957
398259
398536
398839
399134
399441
399720
400004
400264
400573
400861
401153
401453
401748
402018
402325
402596
402899
403171
403329
403767
403944
404323
404554
404892
405158
405313
405717
405972
406286
406579
407028
407414
407588
407945
408263
408560
408857
409142
409458
409772
410085
410363
410667
410927
411232
411499
411983
412373
412539
412899
413217
413506
413669
414056
414304
414704
415051
415207
415576
415750
416117
416299
416660
416828
417208
417433
417838
418114
418560
418740
419094
419264
419635
419802
420152
420327
420720
420890
421269
421442
421789
421949
422330
422510
422876
423049
423300
423716
424107
424318
424482
424831
425010
425350
425526
425887
426059
426400
426576
426936
427158
427516
427743
428083
428257
428575
428771
429121
429344
429491
429800
430004
430315
430527
430851
431051
431397
431607
431947
432147
432480
432665
432991
433190
433333
433676
433885
434225
434394
434727
434910
435281
435460
435850
436016
436380
436555
436896
437056
437423
437598
437973
438142
438511
438678
439037
439198
439313
439564
439735
439943
440129
440430
440600
440735
441006
441203
441362
441524
441701
442081
442415
442799
443202
443605
444012
444235
444653
444826
445011
445416
445578
445769
446173
446343
446603
446765
446938
447085
447239
447401
447557
447711
447892
448379
448741
449220
449691
449857
450047
450504
450685
450950
451356
451527
451776
452152
452311
452583
452777
452999
453152
453303
453455
453694
453873
454023
454371
454528
454697
455157
455561
455910
455984
456137
456255
456380
456756
457140
457520
457719
458057
458261
458397
458599
458924
459264
459482
459631
459771
459955
460131
460309
460494
460657
460827
460954
461109
461331
461610
461913
462242
462570
462855
463001
463153
463385
463624
463777
464032
464359
464680
464984
465256
465547
465831
466122
466275
466405
466560
466731
467040
467369
467705
468040
468338
468483
468618
468962
469272
469424
469541
469703
469983
470273
470587
470859
471135
471411
471665
471956
472120
472535
472704
472958
473118
473257
473625
473783
473966
474343
474513
474712
475095
475292
475667
475907
476047
476420
476605
476741
476924
477103
477412
477718
477995
478318
478480
478624
478773
478960
479180
479313
479480
479733
479888
480042
480350
480691
481065
481409
481741
482098
482397
482547
482691
482831
483015
483225
483466
483649
483834
484011
484163
484324
484478
484832
485186
485594
485943
486383
486816
486980
487406
487591
487901
488063
488285
488454
488619
488783
488911
489201
489472
489665
489820
489991
490416
490739
491112
491568
492025
492435
492605
492979
493146
493417
493583
493847
494044
494229
494375
494604
494819
494990
495180
495344
495540
495685
496061
496427
496783
497220
497670
498049
498218
498443
498606
498761
498924
499088
499246
499474
499680
499850
500249
500632
501101
501551
501913
502244
502620
502786
503198
503559
503719
503959
504102
504301
504453
504874
505204
505525
505828
506120
506419
506725
507026
507301
507614
507767
508155
508541
508714
508963
509122
509317
509500
509681
509895
510248
510602
510987
511285
511579
511881
512166
512440
512707
513018
513322
513602
513922
514081
514336
514826
515090
515532
515709
515960
516387
516742
516900
517112
517269
517474
517703
518014
518433
518846
519023
519279
519721
520150
520353
520506
520664
521024
521424
521611
521816
522223
522394
522576
522800
522966
523110
523254
523399
523630
524123
524588
525022
525416
525621
525773
526147
526326
526719
526949
527101
527302
527470
527676
527810
527967
528105
528368
528782
529175
529340
529593
529742
529915
530373
530795
531217
531603
531976
532336
532678
532845
532980
533169
533365
533533
533729
533903
534061
534239
534433
534614
534931
535283
535654
535987
536271
536318
536617
536745
536878
537229
537522
537863
538138
538421
538697
538991
539154
539284
539458
539597
539741
539926
540160
540346
540514
540740
540910
541050
541242
541388
541609
541819
541977
542279
542455
542654
542854
542983
543342
543714
544064
544411
544741
545013
545287
545570
545850
546127
546398
546663
546877
547182
547439
547722
547997
548282
548557
548829
549094
549356
549638
549929
550213
550499
550779
551033
551341
551611
551884
552184
552476
552629
552877
553030
553170
553325
553492
553680
553832
553990
554178
554377
554545
554724
554859
555013
555171
555328
555489
555653
555862
556039
556102
556314
556761
557095
557505
557962
558414
558812
559150
559497
559779
560050
560314
560605
560844
560892
561163
561208
561507
561769
562054
562340
562579
562626
562882
562929
563189
563235
563478
563522
563749
563795
564111
564392
564625
564672
564979
565139
565357
565527
565681
565855
566001
566146
566291
566450
566598
566756
566917
567080
567246
567414
567593
567753
567942
568255
568662
569109
569592
570044
570428
570747
570903
571103
571275
571418
571628
572055
572456
572835
573202
573576
573947
574254
574406
574548
574893
575192
575340
575471
575611
575780
575985
576181
576407
576555
576765
577026
577227
577404
577535
577690
577949
578166
578482
578627
578899
579041
579186
579351
579586
579768
579936
580133
580382
580582
580738
580885
581034
581233
581467
581672
581853
582067
582302
582600
582847
582988
583219
583423
583657
583917
584114
584298
584582
584785
585001
585214
585432
585693
585863
586119
586312
586563
586932
587119
587257
587392
587608
587821
588074
588360
588597
588847
589011
589239
589709
589944
590106
590285
590458
590704
590964
591185
591374
591630
591892
592225
592463
592781
593083
593301
593443
593575
593703
593955
594207
594350
594551
594768
594941
595097
595254
595419
595651
595831
596051
596264
596490
596738
596916
597081
597273
597433
597714
597905
598045
598211
598505
598788
599023
599199
599471
599630
599884
600092
600270
600569
600862
601036
601199
601481
601731
601946
602243
602420
602695
602924
603317
603467
603730
603911
604105
604398
604703
604900
605072
605374
605539
605747
605957
606155
606316
606596
606774
607031
607228
607433
607644
607891
608090
608259
608539
608724
608884
609037
609273
609520
609801
609989
610151
610346
610604
610813
611056
611344
611504
611705
611932
612083
612236
612520
612766
612924
613220
613437
613577
613800
613966
614181
614407
614615
614873
615044
615300
615456
615652
615791
615921
616117
616418
616702
616989
617305
617517
617775
617948
618099
618352
618524
618674
618817
619043
619341
619513
619748
619936
620081
620288
620513
620669
620948
621114
621402
621586
621759
621899
622095
622268
622524
622769
623037
623266
623498
623815
623985
624219
624445
624591
624839
625130
625351
625494
625751
625923
626208
626357
626495
626719
626960
627291
627524
627752
627951
628154
628427
628684
628872
629106
629411
629607
629760
629894
630172
630410
630884
631189
631408
631648
631973
632227
632909
633136
633362
633535
633797
634090
634338
634514
634743
634898
635210
635388
635623
635838
636035
636304
636616
636851
637058
637245
637427
637618
637816
638046
638368
638528
638714
638990
639135
639403
639658
639871
640036
640266
640512
640714
641232
641414
641569
641696
641899
642113
642659
642937
643153
643368
643561
643876
644045
644248
644388
644635
644821
644984
645244
645438
645571
645827
645985
646301
646463
646682
646976
647138
647388
647556
647722
648056
648241
648494
648719
648987
649159
649318
649602
649861
