205
481
760
1035
1307
1574
1856
2126
2384
2647
2908
3175
3445
3711
3968
4238
4514
4779
5037
5301
5569
5842
6108
6371
6645
6920
7185
7444
7707
7976
8249
8777
9046
9321
9587
9851
10119
10388
10668
10941
11210
11477
11761
12035
12308
12583
12852
13130
13403
13668
13933
14215
14481
14743
15010
15276
15548
15824
16097
16372
16664
16942
17211
17489
17765
18045
18317
18583
18850
19124
19390
19642
19906
20169
20438
20707
20972
21233
21508
21777
22036
22572
22848
23048
23341
23630
23923
24206
24480
24758
25031
25314
25583
25848
26123
26304
26669
26934
27203
27461
27734
28002
28269
28540
28824
29095
29361
29635
29903
30180
30458
30728
30995
31269
31534
31784
32048
32312
32578
32848
33112
33371
33644
33910
34170
34431
34699
34970
35238
35499
35758
36020
36293
36558
36820
37092
37357
37628
37893
38151
38413
38683
38945
39205
39462
39726
39992
40262
40520
40779
41056
41331
41602
41867
42139
42411
42685
42823
42995
43415
43620
44045
44326
44587
44880
45163
45424
45693
45966
46217
46499
46764
46996
47296
47571
47761
48091
48364
48562
48903
49168
49365
49694
50166
50490
50753
51032
51294
51546
51807
52067
52332
52598
52851
53105
53374
53640
53892
54147
54397
54676
54947
55211
55457
55753
56029
56295
56552
56820
57087
57355
57606
57857
58122
58386
58640
58892
59062
59397
59661
59915
60169
60432
60704
60964
61217
61478
61734
61995
62188
62470
62747
62985
63291
63556
63816
64091
64362
64640
64905
65164
65432
65702
65959
66212
66475
66739
66960
67242
67518
68063
68331
68597
68869
69136
69408
69676
69943
70205
70478
70747
71012
71281
71542
71813
72078
72341
72601
72877
73146
73413
73675
73939
74209
74481
74739
74998
75276
75553
75820
76084
76352
76618
76890
77156
77418
77687
77963
78223
78476
78736
78988
79249
79511
79776
80038
80315
80587
80848
81116
81334
81637
81931
82202
82468
82743
83009
83264
83516
83776
84032
84301
84559
84815
85081
85348
85613
85869
86136
86404
86680
86941
87204
87472
87741
88004
88260
88525
88785
89056
89313
89568
89828
90101
90360
90610
90867
91124
91393
91657
91916
92171
92447
92711
92964
93230
93495
93764
94035
94301
94560
94831
95089
95345
95599
95861
96118
96382
96635
96889
97150
97414
97677
97934
98197
98460
98729
98986
99244
99504
99774
100037
100294
100501
100800
101327
101587
101840
102107
102367
102624
102889
103150
103413
103680
103937
104191
104457
104730
104992
105248
105512
105768
106035
106240
106524
106794
107076
107351
107610
107872
108132
108395
108657
108910
109162
109425
109692
109953
110206
110466
110727
110986
111248
111423
111773
112053
112320
112577
112839
113098
113363
113629
113887
114145
114410
114671
114929
115186
115441
115705
115976
116237
116496
116765
117036
117299
117553
117813
118066
118333
118591
118850
119111
119383
119644
119899
120165
120429
120699
120970
121234
121496
121774
122034
122289
122551
122813
123083
123348
123608
123861
124125
124386
124639
124893
125152
125419
125685
125945
126136
126430
126712
126984
127252
127524
127800
128075
128339
128602
128879
129144
129410
129673
129935
130200
130469
130722
130977
131239
131511
131778
132037
132305
132562
132827
133022
133306
133609
133895
134167
134426
134676
134958
135230
135494
135762
136028
136310
136581
136842
137117
137391
137677
137957
138230
138493
138766
139026
139281
139537
139795
140060
140323
140578
140827
141084
141346
141603
141853
142110
142360
142618
142872
143123
143370
143628
143880
144132
144379
144631
144883
145137
145389
145634
145888
146154
146407
146661
146912
147165
147417
147677
147919
148161
148415
148678
148930
149177
149429
149682
149937
150201
150452
150702
150966
151225
151483
151729
151987
152239
152492
152741
152990
153243
153509
153767
154015
154268
154785
155044
155277
155548
155809
156061
156316
156558
156809
157057
157297
157552
157797
158043
158305
158556
158802
159049
159297
159548
159804
160046
160284
160541
160797
161047
161288
161537
161778
162029
162278
162525
162763
162958
163255
163505
163722
163999
164243
164492
164737
164982
165221
165469
165710
165952
166192
166440
166682
166934
167131
167422
167669
167924
168170
168415
168653
168863
169141
169389
169586
169866
170113
170368
170608
170854
171095
171309
171577
171831
172074
172318
172546
172816
173071
173321
173568
173817
174060
174311
174560
174772
175010
175295
175548
175792
176035
176292
176539
176793
177043
177287
177535
177790
178037
178280
178524
178775
179022
179275
179526
179776
180027
180291
180542
180787
181041
181294
181553
181817
182071
182324
182584
182843
183101
183345
183596
183845
184100
184351
184568
184813
185113
185375
185630
185883
186134
186393
186649
186893
187139
187390
187647
187899
188141
188390
188634
188890
189146
189393
189635
189892
190144
190391
190639
190839
191093
191377
191632
191882
192125
192389
192639
192882
193131
193385
193642
193900
194153
194394
194650
194906
195152
195391
195631
195869
196068
196359
196605
196838
197102
197348
197597
197840
198088
198329
198578
198820
199064
199300
199553
199797
200040
200280
200499
200769
201027
201273
201520
201765
202023
202269
202513
202758
202898
203251
203502
203747
203986
204223
204476
204716
204926
205185
205433
205653
205910
206153
206395
206606
206874
207120
207354
207587
207789
208009
208252
208430
208701
208868
209135
209317
209587
209761
210016
210187
210433
210612
210869
211044
211284
211453
211708
211887
212131
212307
212538
212703
212935
213110
213348
213521
213745
213917
214145
214326
214547
214725
214940
215109
215317
215490
215712
215890
216116
216289
216495
216676
216908
217076
217281
217455
217675
217843
218063
218246
218452
218627
218848
219022
219263
219433
219654
219826
220035
220211
220438
220612
220832
221010
221203
221375
221631
221801
222021
222194
222401
222574
222803
222977
223199
223365
223588
223762
223988
224160
224388
224552
224768
224946
225180
225349
225600
225774
225997
226168
226408
226584
226830
226999
227229
227396
227747
228098
228290
228502
228806
229066
229294
229558
229811
230052
230300
230536
230772
231006
231257
231490
231720
231948
232194
232431
232673
232910
233148
233384
233625
233869
234106
234339
234575
234810
235057
235301
235544
235780
236029
236275
236521
236760
237005
237252
237499
237745
237996
238241
238503
238752
238998
239247
239497
239748
240243
240494
240742
241004
241255
241503
241751
241998
242247
242497
242741
242980
243222
243478
243725
243971
244218
244467
244717
244974
245219
245462
245713
245969
246215
246449
246696
246941
247185
247428
247667
247903
248143
248393
248633
248872
249110
249356
249600
249847
250095
250341
250586
250840
251088
251330
251569
251815
252062
252310
252483
252668
252955
253239
253494
253744
253989
254242
254489
254741
254982
255223
255472
255727
255972
256216
256462
256707
256962
257218
257462
257702
257957
258214
258460
258709
258958
259201
259454
259699
259943
260178
260425
260674
260914
261149
261397
261640
261891
262082
262355
262529
262799
263128
263370
263612
263797
264110
264291
264603
264774
265094
265273
265583
265755
266055
266232
266533
266711
266968
267147
267496
267673
267997
268173
268475
268653
268960
269139
269352
269517
269820
270000
270371
270541
270862
271038
271358
271534
271843
272026
272324
272508
272812
273053
273289
273532
273765
274006
274245
274479
274708
274951
275190
275431
275655
275898
276139
276380
276625
276863
277099
277336
277588
277828
278055
278289
278533
278779
279022
279259
279494
279740
279989
280234
280471
280706
280954
281202
281452
281698
281940
282190
282446
282694
282936
283183
283430
283680
283939
284189
284437
284640
284942
285121
285355
285682
285927
286174
286428
286670
286906
287158
287413
287658
287897
288143
288386
288636
288886
289135
289380
289636
289823
290008
290291
290581
290841
291097
291348
291597
291846
292106
292357
292598
292844
293092
293344
293594
293830
294075
294321
294578
294827
295068
295314
295559
295813
296040
296310
296556
296741
296939
297235
297520
297792
298052
298314
298525
298823
299048
299339
299577
299842
300076
300343
300585
300852
301082
301340
301566
301844
302066
302339
302582
302831
303044
303332
303577
303818
304011
304310
304560
304804
305056
305306
305563
305809
306064
306311
306571
306821
307067
307318
307569
307820
308017
308305
308521
308794
309046
309291
309533
309779
309956
310173
310483
310742
310989
311231
311493
311737
311979
312219
312466
312711
312958
313201
313443
313679
313936
314175
314421
314657
314911
315157
315402
315648
315851
316119
316384
316639
316884
317129
317377
317634
317880
318129
318376
318556
318836
319019
319272
319588
319839
320087
320347
320595
320842
321092
321349
321600
321843
322093
322342
322600
322793
323073
323250
323506
323870
324120
324335
324583
324867
325121
325371
325610
325856
326112
326357
326593
326843
327084
327340
327596
327845
328020
328226
328547
328812
329061
329312
329564
329819
330078
330326
330576
330836
331090
331337
331578
331831
332078
332327
332571
332810
333061
333312
333560
333800
334044
334283
334488
334772
334946
335292
335466
335809
335985
336312
336486
336811
336988
337329
337500
337824
338000
338338
338512
338830
339011
339336
339508
339766
340047
340303
340560
340811
341050
341292
341540
341784
342028
342275
342523
342765
343015
343264
343511
343756
344005
344253
344506
344755
345008
345258
345519
345743
346017
346266
346517
346768
347020
347265
347509
347761
348019
348262
348505
348748
348990
349243
349494
349739
349984
350235
350491
350740
350982
351226
351467
351717
351971
352177
352452
352955
353204
353441
353687
353928
354173
354420
354660
354897
355141
355392
355635
355864
356108
356346
356595
356840
357086
357325
357585
357842
358091
358336
358590
358845
359096
359343
359590
359836
360099
360350
360600
360853
361099
361357
361618
361868
362117
362378
362644
362902
363151
363412
363669
363929
364111
364284
364657
364843
365103
365334
365706
365881
366217
366395
366675
366842
367200
367497
367746
367995
368245
368468
368738
368982
369230
369473
369728
369973
370201
370458
370681
370948
371206
371432
371698
371954
372210
372463
372703
372952
373194
373395
373700
373943
374153
374444
374698
374918
375191
375402
375670
375852
376084
376254
376473
376635
376860
377038
377260
377430
377657
377824
378047
378223
378452
378625
378852
379013
379253
379427
379658
379829
380043
380214
380458
380620
380862
381040
381268
381435
381676
381848
382088
382256
382473
382642
382882
383045
383288
383462
383696
383866
384112
384282
384539
384709
384950
385117
385377
385545
385818
385986
386247
386416
386676
386856
387098
387270
387516
387683
387952
388128
388404
388572
388859
389032
389406
389758
390015
390266
390521
390777
391028
391266
391521
391775
392019
392262
392513
392755
393006
393255
393504
393749
394009
394193
394470
394725
394987
395243
395501
395751
396002
396253
396512
396766
397007
397250
397495
397999
398244
398493
398749
399004
399253
399494
399748
399995
400249
400495
400743
401000
401263
401516
401762
402014
402267
402522
402783
403031
403279
403536
403796
404049
404298
404548
404793
404964
405295
405473
405735
406055
406307
406559
406801
407056
407307
407555
407802
408046
408297
408556
408806
409049
409298
409551
409805
410064
410309
410554
410808
411063
411318
411562
411814
412055
412310
412558
412805
413042
413293
413547
413796
414038
414218
414492
414676
414937
415208
415516
415707
415992
416253
416508
416762
417015
417271
417529
417776
418026
418286
418539
418786
419030
419284
419535
419782
420035
420278
420522
420778
421026
421263
421509
421754
422012
422264
422518
422767
423023
423280
423531
423773
424021
424269
424457
424732
424904
425151
425513
425769
426016
426262
426510
426757
427008
427253
427499
427746
428004
428247
428490
428740
428982
429231
429485
429723
429965
430220
430480
430733
430973
431231
431479
431734
431988
432236
432483
432740
432996
433243
433492
433740
433994
434242
434487
434731
434977
435233
435482
435725
435971
436222
436474
436726
436970
437220
437466
437716
437964
438208
438457
438708
438965
439220
439466
439720
439977
440228
440476
440722
440975
441229
441485
441730
441976
442221
442480
442725
442962
443209
443460
443713
443969
444221
444467
444719
444983
445229
445472
445724
445971
446229
446488
446734
446983
447239
447500
447752
447996
448251
448499
448755
449008
449262
449506
449768
450023
450270
450510
450761
451004
451255
451498
451747
451994
452255
452502
452753
452999
453250
453505
453758
454004
454258
454514
454773
454986
455245
455520
455768
456031
456287
456538
456783
457046
457299
457547
457794
458040
458287
458536
458782
459027
459270
459530
459778
460019
460272
460521
460776
461031
461277
461521
461777
462036
462292
462539
462796
463048
463302
463547
463793
464036
464290
464536
464781
464969
465247
465425
465731
465907
466270
466446
466786
466962
467294
467465
467800
467973
468307
468479
468803
468986
469316
469492
469817
469999
470328
470508
470837
471008
471327
471514
471829
471997
472314
472493
472811
472992
473312
473482
473804
473987
474272
474440
474797
474977
475312
475497
475819
475995
476323
476500
476817
476986
477311
477488
477810
477986
478301
478481
478803
478983
479297
479473
479796
479976
480301
480477
480795
480975
481301
481479
481786
481960
482284
482464
482795
482967
483280
483466
483800
483977
484283
484458
484721
484912
485217
485397
485728
485908
486247
486428
486740
486918
487239
487428
487752
487933
488256
488438
488771
488951
489270
489445
489770
489947
490272
490448
490771
490957
491282
491464
491777
491961
492285
492477
492794
492970
493307
493496
493812
493991
494310
494481
494816
494995
495316
495491
495825
496006
496314
496494
496805
496989
497295
497475
497781
497961
498280
498459
498763
498933
499249
499430
499725
499899
500234
500415
500752
500933
501245
501422
501743
501923
502235
502407
502724
502905
503214
503391
503695
503883
504184
504358
504670
504849
505152
505337
505643
505822
506126
506316
506620
506797
507117
507292
507600
507788
508104
508272
508588
508771
509096
509275
509593
509773
510076
510272
510576
510748
511066
511243
511565
511750
512059
512240
512554
512745
513057
513234
513560
513737
514070
514258
514577
514755
515082
515269
515588
515759
516089
516264
516592
516777
517085
517263
517592
517776
518085
518263
518593
518772
519103
519278
519567
519768
520108
520287
520600
520780
521100
521280
521611
521858
522046
522351
522600
522844
523081
523326
523565
523813
524060
524303
524539
524785
525032
525277
525511
525750
525992
526239
526483
526735
526976
527231
527479
527725
527973
528217
528465
528718
528959
529200
529451
529706
529953
530194
530441
530689
530940
531196
531440
531681
531938
532194
532447
532686
532944
533188
533446
533697
533944
534198
534464
534722
534968
535231
535488
535686
535973
536156
536395
536777
536964
537241
537534
537786
538037
538291
538464
538740
538916
539190
539519
539768
540019
540267
540514
540771
541010
541241
541484
541734
541973
542202
542448
542677
542936
543187
543420
543672
543923
544175
544418
544651
544903
545097
545373
545555
545791
546138
546393
546602
546891
547131
547359
547620
547874
548125
548378
548617
548864
549125
549345
549613
549864
550066
550360
550607
550794
551089
551280
551517
551901
552087
552713
552988
553241
553497
553753
554012
554260
554505
554756
555006
555198
555517
555772
555955
556281
556537
556705
557046
557231
557497
557837
558080
558270
558527
558717
558952
559126
559346
559742
560073
560280
560636
560905
561102
561444
561695
561887
562211
562470
562670
562970
563214
563414
563712
563961
564156
564449
564703
564892
565124
565409
565673
565935
566185
566424
566668
566908
567152
567404
567634
567869
568115
568366
568604
568837
569076
569316
569557
569809
570048
570287
570536
570790
571043
571282
571530
571778
572029
572278
572530
572773
573024
573276
573525
573771
574024
574278
574539
574794
575050
575312
575585
575803
576029
576358
576578
576903
577089
577335
577698
577971
578225
578480
578733
578988
579240
579503
579749
579996
580258
580511
580743
581002
581261
581508
581762
582014
582268
582511
582777
583030
583277
583525
583777
584026
584276
584518
584763
585004
585259
585509
585750
585997
586250
586501
586754
586936
587215
587393
587645
587994
588240
588491
588737
588993
589244
589488
589728
589980
590227
590472
590647
590916
591091
591344
591680
591929
592169
592391
592658
592914
593157
593399
593638
593886
594139
594384
594566
594855
595042
595270
595631
595825
596117
596304
596654
596825
597159
597342
597666
597834
598152
598322
598648
598829
599146
599314
599647
599825
600155
600331
600649
600825
601155
601330
601640
601819
602153
602329
602646
602824
603139
603319
603642
603819
604121
604305
604623
604806
605111
605289
605599
605775
606093
606273
606574
606750
607068
607251
607559
607740
608056
608233
608557
608740
609045
609233
609547
609728
610032
610218
610534
610717
611028
611209
611526
611714
612012
612196
612504
612691
613012
613197
613502
613681
613993
614183
614487
614664
614967
615148
615455
615639
615951
616123
616444
616916
617180
617432
617677
617925
618186
618430
618628
618911
619188
619442
619690
619938
620118
620337
620676
620935
621183
621443
621701
621954
622198
622449
622698
622946
623200
623448
623694
623953
624206
624453
624702
624954
625206
625465
625714
625962
626222
626479
626734
626918
627199
627376
627607
627980
628159
628431
628741
628991
629235
629482
629727
629978
630233
630475
630716
630968
631221
631471
631715
631968
632214
632464
632715
632908
633185
633372
633609
633962
634210
634414
634714
634907
635145
635473
635733
635989
636245
636489
636736
636979
637234
637479
637722
637970
638218
638468
638719
638968
639222
639473
639732
639983
640230
640487
640744
640995
641239
641497
641749
642006
642265
642520
642766
643024
643279
643527
643774
644029
644284
644533
644783
645030
645278
645534
646029
646211
646438
646794
646985
647262
647563
647819
648077
648334
648586
648839
649091
649349
649599
649850
