75
349
616
879
1138
1400
1666
1926
2199
2466
2726
2985
3242
3502
3763
4026
4299
4569
4840
5114
5387
5661
5926
6192
6458
6731
7004
7262
7524
7775
8024
8273
8523
8781
9052
9329
9598
9871
10156
10437
10717
10989
11259
11531
11805
12078
12358
12642
12922
13208
13498
13780
14056
14331
14610
14876
15152
15434
15707
15983
16268
16569
16867
17163
17450
17728
18007
18278
18559
18850
19134
19412
19689
19979
20270
20560
20834
21110
21395
21688
21997
22300
22594
22894
23200
23493
23777
24057
24348
24648
24946
25243
25543
25826
26088
26352
26621
26884
27159
27446
27740
28033
28329
28632
28921
29211
29495
29783
30081
30381
30670
30951
31221
31496
31788
32079
32376
32671
32979
33288
33582
33869
34155
34439
34718
35008
35308
35619
35946
36259
36574
36890
37184
37476
37763
38056
38355
38666
38976
39266
39551
39835
40123
40401
40682
40965
41241
41532
41829
42137
42437
42745
43063
43372
43668
43944
44217
44485
44755
45030
45295
45565
45837
46111
46390
46662
46948
47272
47599
47932
48248
48547
48840
49136
49426
49711
49994
50271
50552
50838
51128
51422
51717
52005
52295
52595
52890
53177
53457
53731
54007
54274
54545
54819
55093
55377
55671
55962
56236
56508
56771
57036
57297
57567
57839
58114
58390
58660
58943
59237
59520
59791
60045
60294
60536
60774
61014
61262
61504
61751
61997
62255
62514
62765
63019
63265
63508
63759
64001
64248
64495
64731
64970
65204
65435
65670
65900
66126
66344
66563
66781
67014
67255
67515
67795
68075
68349
68606
68859
69105
69335
69567
69791
70017
70250
70489
70734
70996
71258
71519
71780
72053
72322
72578
72840
73090
73341
73593
73844
74107
74379
74642
74902
75163
75427
75692
75952
76215
76480
76739
76989
77241
77487
77729
77965
78197
78427
78662
78904
79147
79399
79646
79900
80158
80419
80674
80932
81179
81429
81674
81917
82161
82394
82626
82853
83087
83337
83586
83847
84107
84364
84611
84851
85100
85346
85586
85830
86073
86335
86603
86853
87102
87350
87600
87846
88091
88338
88588
88833
89081
89327
89588
89862
90122
90387
90665
90920
91173
91424
91684
91956
92227
92486
92739
92997
93255
93522
93792
94054
94307
94558
94823
95122
95427
95739
96047
96342
96610
96876
97134
97380
97628
97873
98114
98358
98595
98836
99073
99322
99573
99815
100065
100309
100559
100821
101084
101359
101624
101873
102133
102404
102688
102987
103327
103646
103976
104313
104663
105024
105347
105650
105962
106292
106646
107007
107359
107708
108049
108390
108723
109051
109398
109752
110085
110413
110752
111077
111415
111767
112091
112403
112746
113099
113437
113781
114083
114386
114711
115032
115354
115694
116038
116389
116729
117069
117418
117758
118084
118417
118761
119124
119492
119835
120171
120521
120864
121209
121556
121897
122252
122607
122913
123223
123541
123886
124225
124540
124847
125152
125468
125806
126149
126467
126766
127070
127389
127736
128092
128441
128787
129102
129400
129683
129970
130262
130574
130918
131266
131615
131932
132249
132540
132832
133137
133465
133797
134161
134536
134892
135242
135593
135928
136261
136578
136909
137257
137591
137926
138265
138618
138971
139319
139660
139978
140283
140588
140901
141223
141560
141896
142249
142604
142944
143279
143627
143997
144365
144701
145044
145403
145744
146093
146444
146801
147166
147498
147821
148144
148476
148828
149153
149472
149797
150124
150458
150777
151098
151431
151778
152124
152445
152765
153094
153401
153738
154095
154460
154834
155157
155484
155812
156136
156437
156729
157037
157357
157684
158020
158371
158713
159054
159358
159661
159966
160289
160611
160934
161230
161514
161793
162084
162397
162705
163031
163362
163697
163993
164281
164566
164846
165132
165434
165758
166087
166398
166717
167038
167344
167649
167957
168267
168588
168913
169213
169520
169833
170163
170486
170792
171094
171408
171736
172068
172387
172713
173045
173392
173735
174065
174387
174701
175000
175308
175630
175962
176304
176664
177025
177352
177656
177969
178293
178642
178985
179325
179639
179964
180275
180599
180919
181256
181603
181922
182241
182566
182896
183240
183579
183920
184248
184575
184907
185216
185516
185800
186076
186376
186690
187019
187350
187695
188007
188328
188658
188971
189281
189597
189928
190256
190588
190931
191248
191575
191914
192256
192603
192933
193263
193599
193929
194272
194603
194930
195264
195603
195952
196307
196634
196959
197292
197625
197947
198273
198599
198908
199215
199529
199830
200145
200466
200802
201113
201434
201756
202067
202378
202700
203030
203359
203672
203983
204287
204577
204858
205116
205367
205614
205865
206113
206355
206617
206944
207291
207630
207987
208337
208669
209001
209329
209643
209957
210278
210615
210951
211293
211621
211948
212277
212615
212939
213262
213571
213867
214147
214426
214727
215062
215403
215751
216077
216399
216716
217050
217392
217730
218061
218395
218723
219054
219383
219714
220042
220375
220692
221018
221345
221652
221953
222267
222591
222917
223228
223543
223855
224173
224489
224796
225110
225426
225742
226065
226390
226709
227041
227366
227700
228035
228363
228679
229009
229337
229659
229977
230301
230632
230955
231248
231538
231827
232148
232484
232805
233120
233440
233756
234068
234375
234686
235012
235350
235686
236022
236359
236692
237006
237323
237647
237966
238282
238624
238968
239291
239610
239940
240252
240554
240864
241178
241504
241826
242134
242442
242753
243071
243375
243673
243979
244278
244569
244863
245170
245480
245797
246112
246423
246716
247012
247309
247601
247900
248223
248566
248897
249218
249565
249905
250237
250570
250882
251192
251522
251867
252208
252557
252910
253239
253557
253873
254176
254480
254788
255103
255424
255745
256068
256376
256690
257010
257326
257624
257929
258246
258546
258852
259166
259489
259819
260130
260426
260717
260999
261308
261641
261960
262263
262576
262890
263204
263522
263831
264144
264440
264737
265040
265350
265660
265976
266259
266545
266837
267125
267410
267696
267984
268279
268587
268895
269209
269505
269808
270106
270399
270694
271000
271326
271661
272000
272341
272675
272983
273281
273581
273886
274214
274549
274882
275212
275529
275847
276159
276459
276758
277065
277383
277715
278040
278367
278687
279012
279313
279617
279933
280251
280569
280884
281207
281530
281847
282159
282477
282807
283137
283437
283741
284052
284386
284706
285014
285331
285650
285978
286305
286605
286898
287184
287493
287807
288133
288472
288786
289106
289439
289768
290083
290397
290722
291052
291373
291686
291976
292256
292544
292849
293168
293500
293819
294138
294454
294772
295099
295434
295771
296087
296388
296677
296986
297309
297630
297928
298212
298493
298776
299072
299361
299650
299957
300265
300582
300888
301198
301511
301800
302088
302382
302689
303001
303315
303619
303927
304225
304527
304837
305137
305421
305703
305992
306293
306586
306897
307230
307537
307840
308151
308466
308770
309055
309329
309602
309875
310166
310479
310804
311130
311471
311810
312147
312475
312778
313080
313385
313687
313999
314326
314659
314994
315314
315638
315965
316253
316536
316829
317125
317428
317745
318067
318376
318698
319020
319334
319627
319927
320242
320553
320869
321172
321461
321743
322029
322323
322609
322899
323201
323521
323855
324184
324523
324855
325192
325523
325837
326139
326442
326749
327056
327372
327675
327988
328300
328614
328929
329223
329510
329804
330105
330417
330738
331050
331363
331688
332006
332334
332667
333002
333345
333683
334018
334343
334655
334969
335294
335626
335960
336306
336641
336959
337260
337559
337847
338148
338471
338801
339126
339459
339798
340135
340462
340790
341107
341425
341740
342035
342313
342592
342882
343182
343510
343839
344159
344478
344813
345147
345471
345787
346088
346382
346664
346940
347226
347536
347865
348187
348512
348822
349130
349447
349752
350059
350362
350658
350943
351226
351502
351763
352022
352278
352542
352833
353145
353439
353742
354048
354348
354633
354911
355194
355471
355758
356056
356360
356674
356986
357297
357605
357917
358238
358562
358866
359162
359448
359725
359990
360263
360564
360885
361194
361500
361810
362109
362419
362708
362994
363275
363558
363847
364138
364422
364688
364950
365206
365473
365756
366042
366329
366623
366923
367206
367488
367765
368038
368320
368609
368907
369194
369469
369744
370024
370304
370590
370874
371153
371431
371706
371998
372303
372620
372945
373275
373579
373876
374172
374467
374761
375045
375337
375628
375928
376233
376541
376856
377165
377482
377798
378099
378386
378664
378941
379231
379530
379842
380160
380490
380820
381126
381426
381730
382045
382358
382670
382995
383327
383663
383983
384279
384572
384862
385167
385473
385792
386104
386413
386716
387027
387350
387678
388005
388340
388661
388984
389304
389632
389957
390283
390605
390922
391207
391486
391765
392023
392288
392563
392860
393173
393478
393771
394054
394333
394603
394873
395139
395393
395638
395884
396126
396364
396605
396844
397087
397320
397552
397780
398009
398236
398458
398679
398893
399113
399337
399570
399808
400052
400308
400554
400808
401060
401324
401599
401873
402138
402396
402649
402910
403176
403434
403683
403928
404162
404398
404645
404900
405162
405425
405696
405975
406245
406515
406782
407028
407271
407496
407727
407951
408177
408406
408646
408894
409153
409413
409698
409980
410247
410517
410775
411036
411297
411551
411804
412056
412309
412570
412837
413101
413370
413640
413903
414167
414432
414686
414936
415174
415420
415667
415912
416161
416410
416654
416900
417145
417393
417658
417919
418178
418432
418677
418920
419163
419412
419657
419901
420152
420405
420660
420921
421180
421441
421689
421948
422198
422442
422691
422934
423170
423405
423638
423874
424113
424362
424611
424855
425101
425354
425608
425869
426147
426424
426702
426976
427248
427528
427797
428071
428354
428627
428899
429180
429453
429725
429997
430257
430533
430809
431082
431360
431624
431888
432160
432431
432713
432996
433278
433563
433861
434141
434422
434710
435011
435316
435630
435936
436230
436527
436810
437095
437386
437683
437980
438281
438592
438906
439209
439512
439818
440113
440412
440716
441019
441312
441607
441905
442198
442481
442758
443027
443299
443576
443860
444143
444431
444728
445029
445333
445628
445927
446210
446488
446765
447046
447327
447619
447917
448222
448528
448830
449131
449420
449705
449996
450301
450593
450891
451197
451513
451827
452150
452474
452788
453091
453403
453713
454002
454288
454586
454859
455136
455417
455689
455942
456188
456438
456701
456976
457262
457547
457836
458132
458423
458698
458959
459221
459484
459752
460025
460286
460560
460826
461102
461390
461683
461980
462266
462546
462826
463120
463411
463700
463991
464292
464577
464862
465142
465410
465670
465929
466205
466496
466781
467080
467390
467686
467978
468272
468551
468821
469089
469350
469622
469903
470188
470460
470744
471032
471312
471602
471897
472194
472479
472771
473063
473352
473631
473915
474201
474476
474744
475008
475263
475529
475799
476081
476376
476671
476960
477240
477528
477808
478087
478371
478650
478929
479208
479488
479767
480044
480323
480610
480899
481189
481477
481762
482039
482308
482579
482853
483116
483378
483656
483949
484242
484543
484847
485142
485437
485715
485990
486252
486518
486787
487050
487318
487582
487857
488143
488429
488718
489009
489302
489584
489863
490128
490395
490665
490947
491226
491504
491794
492078
492366
492656
492938
493216
493494
493762
494032
494316
494613
494892
495176
495456
495745
496040
496346
496640
496935
497215
497496
497772
498036
498309
498587
498872
499169
499465
499750
500050
500352
500651
500945
501234
501511
501785
502060
502336
502593
502853
503106
503360
503619
503889
504165
504439
504704
504963
505233
505494
505750
506010
506264
506512
506768
507026
507282
507535
507787
508038
508284
508526
508765
509002
509235
509471
509712
509963
510213
510473
510730
510976
511223
511470
511716
511969
512221
512476
512724
512979
513244
513519
513798
514075
514363
514657
514946
515248
515557
515862
516162
516473
516776
517078
517379
517673
517949
518232
518513
518778
519038
519292
519556
519833
520121
520404
520695
520989
521277
521586
521904
522225
522539
522850
523162
523485
523782
524072
524353
524631
524919
525197
525465
525724
525980
526234
526482
526730
526984
527228
527480
527738
527996
528267
528533
528810
529090
529375
529642
529906
530172
530428
530690
530945
531208
531481
531749
532014
532276
532533
532791
533060
533341
533622
533899
534167
534433
534703
534968
535230
535488
535756
536046
536345
536629
536914
537208
537494
537774
538056
538333
538615
538893
539169
539432
539706
539975
540238
540499
540762
541032
541317
541602
541883
542165
542450
542725
542998
543270
543533
543803
544080
544376
544681
544989
545287
545581
545855
546124
546391
546663
546943
547228
547527
547839
548149
548438
548725
549011
549282
549548
549807
550057
550305
550560
550837
551118
551393
551665
551940
552215
552493
552781
553065
553338
553609
553883
554156
554428
554696
554962
555232
555496
555769
556051
556331
556610
556892
557184
557475
557763
558055
558344
558645
558945
559259
559560
559853
560138
560432
560734
561040
561355
561660
561955
562231
562495
562748
562985
563219
563450
563685
563927
564172
564427
564680
564940
565203
565463
565713
565956
566190
566425
566663
566910
567164
567419
567690
567968
568257
568545
568843
569142
569422
569704
569984
570256
570530
570793
571053
571304
571560
571814
572075
572347
572616
572893
573168
573459
573746
574028
574301
574575
574847
575111
575379
575638
575895
576155
576415
576680
576952
577212
577471
577730
577984
578240
578491
578746
579002
579257
579508
579760
580017
580276
580535
580792
581054
581315
581571
581832
582088
582339
582590
582834
583079
583331
583580
583825
584066
584308
584549
584792
585041
585291
585548
585799
586053
586307
586561
586807
587051
587289
587522
587757
587997
588241
588488
588749
589004
589251
589494
589744
589991
590233
590476
590717
590966
591226
591479
591731
591985
592236
592491
592740
593004
593263
593524
593780
594042
594310
594587
594873
595168
595448
595719
595982
596241
596500
596754
597008
597268
597531
597788
598060
598338
598609
598876
599124
599375
599620
599861
600102
600332
600567
600807
601040
601283
601525
601766
601998
602232
602466
602705
602949
603198
603452
603724
604007
604299
604604
604907
605198
605487
605772
606061
606342
606619
606894
607170
607448
607728
607992
608251
608520
608780
609051
609331
609611
609895
610165
610430
610689
610944
611185
611430
611669
611912
612151
612399
612653
612904
613158
613407
613657
613905
614153
614400
614646
614886
615124
615365
615612
615854
616088
616331
616570
616813
617073
617338
617609
617887
618163
618435
618699
618961
619218
619469
619719
619975
620227
620476
620731
620987
621242
621502
621763
622037
622320
622592
622866
623136
623405
623671
623931
624187
624444
624697
624952
625202
625461
625726
625980
626237
626501
626764
627027
627300
627571
627836
628107
628376
628639
628900
629148
629341
629606
629841
630081
630315
630559
630808
631054
631305
631560
631821
632111
632398
632701
632984
633267
633545
633828
634119
634392
634665
634936
635216
635498
635775
636040
636301
636561
636814
637073
637344
637602
637868
638124
638385
638658
638926
639186
639441
639697
639952
640209
640459
640706
640950
641200
641457
641730
642002
642281
642555
642842
643142
643440
643734
644016
644293
644571
644842
645118
645382
645650
645917
646193
646476
646753
647037
647314
647589
647860
648124
648385
648627
648871
649105
649338
649571
649806
